frame_no	rate
0	inf
1	31.4843
2	24.0327
3	21.3599
4	19.5239
5	18.4284
6	18.2366
7	17.7903
8	17.2563
9	17.2119
10	17.0496
11	16.7478
12	16.7642
13	16.651
14	16.4205
15	16.3699
16	16.2883
17	16.1587
18	16.1176
19	16.0547
20	16.0854
21	16.1361
22	16.1748
23	16.1766
24	16.2176
25	16.2539
26	16.2878
27	16.2907
28	16.2189
29	16.2505
30	16.2244
31	16.1158
32	16.0531
33	15.9767
34	15.9977
35	15.9933
36	15.9992
37	15.9356
38	15.9095
39	15.8441
40	15.8435
41	15.8126
42	15.8002
43	15.7633
44	15.6857
45	15.6326
46	15.626
47	15.6551
48	15.6832
49	15.711
50	15.7374
51	15.6973
52	15.5896
53	15.4794
54	15.3764
55	15.3617
56	15.3484
57	15.3528
58	15.353
59	15.2861
60	15.1994
61	15.127
62	15.0567
63	15.0179
64	14.9695
65	14.9347
66	14.9135
67	14.8939
68	14.8811
69	14.8232
70	14.7624
71	14.703
72	14.6467
73	14.5926
74	14.5404
75	14.4897
76	14.4398
77	14.3921
78	14.3461
79	14.3013
80	14.262
81	14.2376
82	14.212
83	14.1892
84	14.164
85	14.1407
86	14.1213
87	14.0702
88	14.0498
89	14.0264
90	14.0235
91	14.042
92	14.0346
93	14.0037
94	13.9704
95	13.938
96	13.9075
97	13.8771
98	13.8427
99	13.8144
100	13.6478
101	13.6169
102	13.5684
103	13.513
104	13.5056
105	13.4805
106	13.4278
107	13.4014
108	13.3727
109	13.3218
110	13.3002
111	13.2803
112	13.2296
113	13.1885
114	13.1902
115	13.1906
116	13.1824
117	13.1818
118	13.1616
119	13.1278
120	13.0959
121	13.0429
122	12.9934
123	12.9579
124	12.9075
125	12.8568
126	12.8104
127	12.768
128	12.742
129	12.6938
130	12.658
131	12.6355
132	12.6062
133	12.5809
134	12.5352
135	12.4947
136	12.4521
137	12.4472
138	12.4141
139	12.3897
140	12.3501
141	12.3184
142	12.2826
143	12.253
144	12.2347
145	12.2111
146	12.1759
147	12.1307
148	12.0858
149	12.0411
150	11.9963
151	11.9718
152	11.9679
153	11.9666
154	11.9649
155	11.9344
156	11.9037
157	11.8674
158	11.8326
159	11.8225
160	11.8139
161	11.8081
162	11.8021
163	11.7849
164	11.7729
165	11.7592
166	11.7367
167	11.7142
168	11.6891
169	11.6837
170	11.6807
171	11.6778
172	11.6745
173	11.6712
174	11.6685
175	11.6657
176	11.6643
177	11.6622
178	11.6603
179	11.658
180	11.6541
181	11.6421
182	11.6313
183	11.6179
184	11.6239
185	11.6144
186	11.6018
187	11.6085
188	11.5974
189	11.5884
190	11.5672
191	11.5329
192	11.515
193	11.5122
194	11.5106
195	11.5097
196	11.513
197	11.5124
198	11.5147
199	11.5131
200	11.5131
201	11.5032
202	11.5023
203	11.5078
204	11.4877
205	11.4819
206	11.4751
207	11.4658
208	11.4663
209	11.4673
210	11.4539
211	11.4481
212	11.4499
213	11.4532
214	11.4499
215	11.422
216	11.4024
217	11.3833
218	11.3717
219	11.3722
220	11.3625
221	11.3665
222	11.3706
223	11.3682
224	11.3732
225	11.3814
226	11.4028
227	11.4288
228	11.4342
229	11.44
230	11.4446
231	11.453
232	11.4615
233	11.4684
234	11.4841
235	11.5086
236	11.5227
237	11.5192
238	11.5282
239	11.552
240	11.5631
241	11.5724
242	11.5827
243	11.5939
244	11.6176
245	11.6455
246	11.657
247	11.6679
248	11.6793
249	11.6959
250	11.7082
251	11.7205
252	11.7477
253	11.7634
254	11.7765
255	11.7919
256	11.808
257	11.8233
258	11.8496
259	11.8661
260	11.8912
261	11.9084
262	11.926
263	11.9432
264	11.9614
265	11.9766
266	11.9963
267	12.0152
268	12.0435
269	12.0651
270	12.0829
271	12.1044
272	12.1302
273	12.152
274	12.1739
275	12.196
276	12.2249
277	12.2496
278	12.2842
279	12.3105
280	12.3354
281	12.3619
282	12.3881
283	12.4166
284	12.4255
285	12.4516
286	12.4909
287	12.5206
288	12.5587
289	12.5923
290	12.6237
291	12.6544
292	12.6925
293	12.7357
294	12.7697
295	12.8033
296	12.8311
297	12.8642
298	12.9
299	12.9375
300	12.9749
301	13.0188
302	13.0574
303	13.0959
304	13.1348
305	13.1736
306	13.2215
307	13.267
308	13.3081
309	13.3358
310	13.3767
311	13.4179
312	13.4591
313	13.5065
314	13.5338
315	13.5866
316	13.6308
317	13.6713
318	13.7116
319	13.7596
320	13.7966
321	13.8464
322	13.9034
323	13.9637
324	14.0058
325	14.0433
326	14.0606
327	14.0768
328	14.1343
329	14.1797
330	14.2257
331	14.2793
332	14.3187
333	14.3615
334	14.3948
335	14.4109
336	14.4425
337	14.4829
338	14.523
339	14.5401
340	14.5772
341	14.6202
342	14.6595
343	14.7022
344	14.723
345	14.7352
346	14.7724
347	14.8103
348	14.8465
349	14.8758
350	14.9103
351	14.9471
352	14.9631
353	14.9962
354	15.0334
355	15.0746
356	15.1073
357	15.1467
358	15.1656
359	15.2114
360	15.2441
361	15.2807
362	15.3277
363	15.3646
364	15.4096
365	15.4414
366	15.4722
367	15.5049
368	15.5191
369	15.545
370	15.5772
371	15.6055
372	15.6267
373	15.6664
374	15.6973
375	15.724
376	15.7368
377	15.7588
378	15.7643
379	15.7839
380	15.82
381	15.8442
382	15.8697
383	15.9059
384	15.929
385	15.9486
386	15.948
387	15.9629
388	15.9635
389	15.9731
390	15.9863
391	16.0015
392	16.0042
393	15.9982
394	16.0093
395	16.0201
396	16.0118
397	16.0227
398	16.0301
399	16.0432
400	16.0506
401	16.046
402	16.0513
403	16.0597
404	16.0657
405	16.0761
406	16.0806
407	16.0776
408	16.0803
409	16.1023
410	16.1019
411	16.1107
412	16.1049
413	16.0974
414	16.0895
415	16.0713
416	16.0686
417	16.0692
418	16.0755
419	16.0691
420	16.0825
421	16.0794
422	16.0603
423	16.0396
424	16.0425
425	16.044
426	16.0394
427	16.0285
428	15.9996
429	15.994
430	15.9886
431	15.9716
432	15.9717
433	15.9705
434	15.9795
435	15.9805
436	15.9806
437	15.9764
438	15.9757
439	15.9833
440	15.9835
441	15.9787
442	15.9785
443	15.9732
444	15.9822
445	15.9823
446	15.9836
447	15.984
448	15.9861
449	15.9867
450	15.9916
451	15.9985
452	16.0011
453	16.0012
454	16.0065
455	16.0155
456	16.019
457	16.0144
458	16.0134
459	16.0011
460	16.0012
461	15.9978
462	15.9846
463	15.9814
464	15.9837
465	15.9965
466	16.0186
467	16.0536
468	16.097
469	16.1244
470	16.1307
471	16.1352
472	16.145
473	16.1425
474	16.1468
475	16.1514
476	16.1738
477	16.1756
478	16.175
479	16.1928
480	16.1911
481	16.2302
482	16.2487
483	16.2345
484	16.2317
485	16.2391
486	16.2413
487	16.2433
488	16.2462
489	16.2551
490	16.2589
491	16.2597
492	16.2606
493	16.2727
494	16.2741
495	16.2735
496	16.2959
497	16.3102
498	16.3125
499	16.3058
500	16.3088
501	16.3137
502	16.3161
503	16.3238
504	16.329
505	16.3382
506	16.3416
507	16.3421
508	16.3413
509	16.3409
510	16.3424
511	16.3419
512	16.35
513	16.3497
514	16.3562
515	16.3379
516	16.3398
517	16.3407
518	16.3368
519	16.3358
520	16.3309
521	16.3248
522	16.3237
523	16.3202
524	16.3144
525	16.3121
526	16.3108
527	16.3094
528	16.3114
529	16.3103
530	16.3097
531	16.308
532	16.3069
533	16.3054
534	16.2895
535	16.2983
536	16.3054
537	16.2985
538	16.2984
539	16.2906
540	16.2934
541	16.2954
542	16.2942
543	16.295
544	16.3001
545	16.3035
546	16.3057
547	16.3072
548	16.3088
549	16.3102
550	16.3219
551	16.32
552	16.3167
553	16.3187
554	16.3163
555	16.3002
556	16.3001
557	16.3016
558	16.301
559	16.3002
560	16.2969
561	16.2978
562	16.2959
563	16.2953
564	16.2774
565	16.2663
566	16.2447
567	16.2156
568	16.1746
569	16.1503
570	16.1476
571	16.1429
572	16.1335
573	16.1245
574	16.1156
575	16.1159
576	16.0965
577	16.0965
578	16.0971
579	16.0803
580	16.0671
581	16.0283
582	16.0071
583	16.0057
584	16.0051
585	15.9973
586	15.9965
587	15.9968
588	15.9967
589	15.9899
590	15.9865
591	15.9854
592	15.9868
593	15.9761
594	15.9778
595	15.9782
596	15.9773
597	15.9643
598	15.9711
599	15.9722
600	15.9701
601	15.9657
602	15.9721
603	15.9653
604	15.9617
605	15.9486
606	15.9457
607	15.943
608	15.9445
609	15.949
610	15.9491
611	15.9442
612	15.944
613	15.9443
614	15.9353
615	15.9526
616	15.9574
617	15.9587
618	15.9391
619	15.9409
620	15.9504
621	15.9695
622	15.9717
623	15.9704
624	15.9722
625	15.9717
626	15.9709
627	15.9711
628	15.98
629	15.9828
630	15.9806
631	15.9801
632	15.9805
633	15.9944
634	15.9948
635	15.9839
636	15.9882
637	15.9865
638	15.9872
639	15.9867
640	15.9741
641	15.9905
642	15.9941
643	16.0074
644	15.9968
645	16.0134
646	16.0406
647	16.08
648	16.1055
649	16.1421
650	16.1608
651	16.1927
652	16.2237
653	16.2603
654	16.2884
655	16.2966
656	16.2977
657	16.2953
658	16.3021
659	16.3146
660	16.3407
661	16.3445
662	16.3657
663	16.404
664	16.4451
665	16.4819
666	16.5244
667	16.5609
668	16.5959
669	16.6193
670	16.6246
671	16.6262
672	16.6399
673	16.6406
674	16.64
675	16.6347
676	16.6378
677	16.6356
678	16.6329
679	16.6331
680	16.6474
681	16.6454
682	16.6438
683	16.6431
684	16.6531
685	16.6734
686	16.6983
687	16.6978
688	16.6979
689	16.7062
690	16.7092
691	16.7219
692	16.7256
693	16.7426
694	16.77
695	16.8116
696	16.8576
697	16.8989
698	16.9376
699	16.9846
700	17.0234
701	17.0638
702	17.0906
703	17.1291
704	17.1583
705	17.1821
706	17.1876
707	17.1979
708	17.2017
709	17.2157
710	17.2359
711	17.2507
712	17.2659
713	17.2791
714	17.2862
715	17.3071
716	17.333
717	17.3611
718	17.4228
719	17.4631
720	17.4881
721	17.4919
722	17.5235
723	17.5744
724	17.5823
725	17.6053
726	17.6167
727	17.6426
728	17.6657
729	17.7123
730	17.7693
731	17.8167
732	17.8631
733	17.9013
734	17.9529
735	17.9922
736	18.0262
737	18.0749
738	18.1199
739	18.1769
740	18.2467
741	18.2665
742	18.3169
743	18.349
744	18.3953
745	18.4273
746	18.4342
747	18.4376
748	18.4279
749	18.4307
750	18.4342
751	18.4075
752	18.3937
753	18.3616
754	18.3591
755	18.3881
756	18.4092
757	18.4453
758	18.4769
759	18.5147
760	18.5142
761	18.5503
762	18.5792
763	18.5766
764	18.5811
765	18.5709
766	18.57
767	18.5587
768	18.5365
769	18.5327
770	18.5545
771	18.56
772	18.5467
773	18.5619
774	18.594
775	18.6016
776	18.6223
777	18.636
778	18.6434
779	18.6586
780	18.6697
781	18.6748
782	18.6811
783	18.7133
784	18.7204
785	18.724
786	18.7145
787	18.7371
788	18.7439
789	18.7378
790	18.7668
791	18.7914
792	18.8115
793	18.7937
794	18.7589
795	18.7082
796	18.6505
797	18.5981
798	18.5513
799	18.4955
800	18.427
801	18.3794
802	18.3455
803	18.2988
804	18.2696
805	18.2447
806	18.2386
807	18.2311
808	18.228
809	18.2078
810	18.1857
811	18.1901
812	18.2021
813	18.1928
814	18.1887
815	18.1713
816	18.1359
817	18.1138
818	18.0737
819	18.0302
820	17.9925
821	17.9775
822	17.9542
823	17.9191
824	17.8913
825	17.8718
826	17.8803
827	17.8579
828	17.823
829	17.775
830	17.722
831	17.6792
832	17.6426
833	17.5938
834	17.5434
835	17.5086
836	17.4777
837	17.436
838	17.3979
839	17.3494
840	17.2999
841	17.2687
842	17.2215
843	17.1868
844	17.1427
845	17.1015
846	17.0794
847	17.0354
848	17.0251
849	16.9831
850	16.9461
851	16.934
852	16.9261
853	16.9148
854	16.8893
855	16.8589
856	16.8401
857	16.8139
858	16.7823
859	16.7384
860	16.7146
861	16.6813
862	16.6457
863	16.6129
864	16.5773
865	16.5481
866	16.5059
867	16.4716
868	16.4495
869	16.4249
870	16.3977
871	16.3887
872	16.3815
873	16.3642
874	16.3477
875	16.3399
876	16.3161
877	16.3101
878	16.3051
879	16.2878
880	16.2665
881	16.2693
882	16.2626
883	16.2346
884	16.2158
885	16.1918
886	16.1722
887	16.1672
888	16.1597
889	16.1671
890	16.1433
891	16.1055
892	16.078
893	16.0665
894	16.0584
895	16.0532
896	16.0478
897	16.0497
898	16.0524
899	16.0487
900	16.0646
901	16.0618
902	16.051
903	16.0462
904	16.0362
905	16.0282
906	16.0341
907	16.0435
908	16.0389
909	16.0327
910	16.0276
911	16.0054
912	15.9817
913	15.9738
914	15.975
915	15.9695
916	15.9635
917	15.9505
918	15.9439
919	15.9377
920	15.9352
921	15.9222
922	15.9068
923	15.8887
924	15.8992
925	15.8931
926	15.8721
927	15.8563
928	15.8541
929	15.8472
930	15.8416
931	15.8374
932	15.8317
933	15.8241
934	15.8194
935	15.8192
936	15.8045
937	15.7975
938	15.794
939	15.7876
940	15.7815
941	15.7867
942	15.7892
943	15.78
944	15.776
945	15.7679
946	15.7495
947	15.7587
948	15.7474
949	15.7453
950	15.7425
951	15.7337
952	15.7198
953	15.7309
954	15.7432
955	15.7616
956	15.7601
957	15.7546
958	15.7504
959	15.7632
960	15.7443
961	15.7385
962	15.7254
963	15.7305
964	15.7219
965	15.7156
966	15.7102
967	15.7063
968	15.7115
969	15.7127
970	15.7109
971	15.713
972	15.7132
973	15.713
974	15.7017
975	15.7035
976	15.7045
977	15.6964
978	15.6924
979	15.693
980	15.6878
981	15.6745
982	15.671
983	15.6696
984	15.6699
985	15.6678
986	15.6645
987	15.6482
988	15.6456
989	15.6299
990	15.6245
991	15.6285
992	15.6312
993	15.6352
994	15.6458
995	15.6574
996	15.6691
997	15.6671
998	15.6614
999	15.662
1000	15.659
1001	15.6594
1002	15.6739
1003	15.6906
1004	15.7076
1005	15.7272
1006	15.7255
1007	15.7102
1008	15.7091
1009	15.7115
1010	15.7124
1011	15.7264
1012	15.7282
1013	15.7279
1014	15.7348
1015	15.7585
1016	15.7955
1017	15.8368
1018	15.879
1019	15.9221
1020	15.9568
1021	15.9763
1022	15.9797
1023	15.9794
1024	15.9801
1025	15.9801
1026	15.981
1027	15.9896
1028	15.9863
1029	16.001
1030	16.0103
1031	16.0314
1032	16.0507
1033	16.0741
1034	16.1015
1035	16.1194
1036	16.1265
1037	16.1293
1038	16.1202
1039	16.1191
1040	16.133
1041	16.1351
1042	16.1445
1043	16.1544
1044	16.1562
1045	16.1693
1046	16.1947
1047	16.2151
1048	16.2382
1049	16.2624
1050	16.2699
1051	16.2703
1052	16.2675
1053	16.2555
1054	16.2474
1055	16.2461
1056	16.2772
1057	16.3197
1058	16.3491
1059	16.3718
1060	16.4203
1061	16.4577
1062	16.5028
1063	16.5339
1064	16.5724
1065	16.6169
1066	16.6628
1067	16.7076
1068	16.7469
1069	16.7904
1070	16.8334
1071	16.8727
1072	16.914
1073	16.9496
1074	16.9698
1075	17.011
1076	17.0478
1077	17.0584
1078	17.0744
1079	17.1048
1080	17.1475
1081	17.1919
1082	17.2355
1083	17.2801
1084	17.3171
1085	17.33
1086	17.3472
1087	17.3761
1088	17.4124
1089	17.4551
1090	17.4999
1091	17.5278
1092	17.5317
1093	17.5315
1094	17.5208
1095	17.5082
1096	17.494
1097	17.4901
1098	17.4925
1099	17.5017
1100	17.5106
1101	17.5366
1102	17.5612
1103	17.5913
1104	17.6142
1105	17.6418
1106	17.6818
1107	17.7345
1108	17.7806
1109	17.8215
1110	17.8714
1111	17.8829
1112	17.8831
1113	17.8817
1114	17.8627
1115	17.8284
1116	17.7958
1117	17.7629
1118	17.7271
1119	17.6914
1120	17.6439
1121	17.6505
1122	17.6796
1123	17.7117
1124	17.7354
1125	17.7655
1126	17.7713
1127	17.7897
1128	17.7959
1129	17.7928
1130	17.8008
1131	17.7851
1132	17.7802
1133	17.7838
1134	17.7995
1135	17.8196
1136	17.8587
1137	17.9026
1138	17.9557
1139	18.0024
1140	18.033
1141	18.0629
1142	18.0897
1143	18.121
1144	18.167
1145	18.1899
1146	18.2094
1147	18.2128
1148	18.2086
1149	18.2016
1150	18.2386
1151	18.2872
1152	18.3416
1153	18.3882
1154	18.4153
1155	18.4218
1156	18.4209
1157	18.3816
1158	18.3965
1159	18.3951
1160	18.3922
1161	18.3895
1162	18.3838
1163	18.369
1164	18.3641
1165	18.3613
1166	18.3341
1167	18.3034
1168	18.2583
1169	18.233
1170	18.1952
1171	18.1431
1172	18.1062
1173	18.0682
1174	18.0574
1175	18.0173
1176	17.9773
1177	17.9696
1178	17.9552
1179	17.9224
1180	17.8765
1181	17.8319
1182	17.7873
1183	17.7408
1184	17.7009
1185	17.6882
1186	17.6717
1187	17.6425
1188	17.5831
1189	17.5424
1190	17.4984
1191	17.4704
1192	17.4684
1193	17.4697
1194	17.4696
1195	17.4632
1196	17.4628
1197	17.4626
1198	17.4486
1199	17.4363
1200	17.426
1201	17.3976
1202	17.3563
1203	17.3074
1204	17.2801
1205	17.2472
1206	17.2127
1207	17.17
1208	17.1338
1209	17.1002
1210	17.0566
1211	17.0324
1212	17.027
1213	17.0277
1214	17.043
1215	17.0726
1216	17.1025
1217	17.1328
1218	17.166
1219	17.1994
1220	17.2388
1221	17.2384
1222	17.2512
1223	17.2579
1224	17.2559
1225	17.2406
1226	17.2649
1227	17.2742
1228	17.3002
1229	17.3344
1230	17.365
1231	17.4023
1232	17.4216
1233	17.429
1234	17.3993
1235	17.3566
1236	17.2876
1237	17.2591
1238	17.216
1239	17.1754
1240	17.133
1241	17.0878
1242	17.0537
1243	17.014
1244	16.9699
1245	16.9317
1246	16.8856
1247	16.8433
1248	16.8225
1249	16.806
1250	16.7644
1251	16.7227
1252	16.6778
1253	16.6333
1254	16.5951
1255	16.5622
1256	16.5242
1257	16.5093
1258	16.4653
1259	16.4378
1260	16.4097
1261	16.3732
1262	16.3329
1263	16.2953
1264	16.2561
1265	16.215
1266	16.1916
1267	16.1714
1268	16.1602
1269	16.1366
1270	16.1261
1271	16.1271
1272	16.1178
1273	16.1154
1274	16.1055
1275	16.097
1276	16.0944
1277	16.0915
1278	16.0905
1279	16.0993
1280	16.1032
1281	16.112
1282	16.113
1283	16.1118
1284	16.1091
1285	16.107
1286	16.1066
1287	16.106
1288	16.1235
1289	16.1217
1290	16.1235
1291	16.1242
1292	16.1229
1293	16.1323
1294	16.1339
1295	16.1375
1296	16.1461
1297	16.1488
1298	16.1494
1299	16.1529
1300	16.1578
1301	16.159
1302	16.1581
1303	16.1569
1304	16.1432
1305	16.1296
1306	16.1179
1307	16.1181
1308	16.1121
1309	16.1066
1310	16.1149
1311	16.1165
1312	16.122
1313	16.1222
1314	16.1083
1315	16.0825
1316	16.0526
1317	16.0139
1318	15.9712
1319	15.9394
1320	15.9044
1321	15.8787
1322	15.8399
1323	15.8069
1324	15.789
1325	15.7781
1326	15.7528
1327	15.7351
1328	15.7079
1329	15.6799
1330	15.6405
1331	15.6003
1332	15.5632
1333	15.5335
1334	15.5193
1335	15.525
1336	15.5453
1337	15.5391
1338	15.5367
1339	15.5173
1340	15.5175
1341	15.5212
1342	15.5245
1343	15.5261
1344	15.5499
1345	15.5554
1346	15.5547
1347	15.5646
1348	15.5595
1349	15.5519
1350	15.5507
1351	15.5712
1352	15.5734
1353	15.5926
1354	15.5966
1355	15.5972
1356	15.5987
1357	15.5992
1358	15.6053
1359	15.5929
1360	15.5877
1361	15.5885
1362	15.5951
1363	15.6095
1364	15.6141
1365	15.6152
1366	15.6197
1367	15.6205
1368	15.6236
1369	15.6232
1370	15.6232
1371	15.6213
1372	15.6212
1373	15.6212
1374	15.6278
1375	15.6273
1376	15.6262
1377	15.6251
1378	15.6241
1379	15.6192
1380	15.6164
1381	15.6063
1382	15.6045
1383	15.6036
1384	15.6054
1385	15.6064
1386	15.606
1387	15.6063
1388	15.6062
1389	15.613
1390	15.6139
1391	15.6119
1392	15.613
1393	15.6135
1394	15.6116
1395	15.624
1396	15.6303
1397	15.6393
1398	15.6592
1399	15.6741
1400	15.686
1401	15.7016
1402	15.7131
1403	15.7182
1404	15.719
1405	15.7185
1406	15.7179
1407	15.7111
1408	15.7074
1409	15.7098
1410	15.6998
1411	15.6965
1412	15.6902
1413	15.6908
1414	15.6988
1415	15.6995
1416	15.6919
1417	15.6885
1418	15.6961
1419	15.6876
1420	15.6895
1421	15.6957
1422	15.6973
1423	15.7003
1424	15.6997
1425	15.7076
1426	15.7087
1427	15.7035
1428	15.7034
1429	15.6925
1430	15.6909
1431	15.6895
1432	15.6897
1433	15.6918
1434	15.6928
1435	15.6834
1436	15.6809
1437	15.6816
1438	15.6925
1439	15.722
1440	15.7072
1441	15.7023
1442	15.685
1443	15.6857
1444	15.6602
1445	15.6529
1446	15.6534
1447	15.641
1448	15.6431
1449	15.6435
1450	15.6551
1451	15.6497
1452	15.6729
1453	15.6911
1454	15.7225
1455	15.7614
1456	15.7984
1457	15.8401
1458	15.8752
1459	15.9062
1460	15.917
1461	15.9172
1462	15.9099
1463	15.8991
1464	15.8939
1465	15.8926
1466	15.8862
1467	15.8863
1468	15.8868
1469	15.8939
1470	15.9025
1471	15.9157
1472	15.9274
1473	15.9387
1474	15.9328
1475	15.9314
1476	15.9447
1477	15.9619
1478	15.9681
1479	15.9645
1480	15.9636
1481	15.9646
1482	15.9647
1483	15.9668
1484	15.9686
1485	15.9845
1486	15.9981
1487	16.0071
1488	16.0266
1489	16.0498
1490	16.0882
1491	16.1325
1492	16.1611
1493	16.1763
1494	16.1891
1495	16.179
1496	16.1623
1497	16.1647
1498	16.1581
1499	16.161
1500	16.1796
1501	16.1972
1502	16.2237
1503	16.2235
1504	16.2258
1505	16.2274
1506	16.2212
1507	16.2251
1508	16.2377
1509	16.2603
1510	16.2901
1511	16.3052
1512	16.3194
1513	16.3335
1514	16.3296
1515	16.3491
1516	16.3531
1517	16.3604
1518	16.3646
1519	16.3847
1520	16.4184
1521	16.4552
1522	16.4996
1523	16.5443
1524	16.5909
1525	16.607
1526	16.6494
1527	16.6948
1528	16.7164
1529	16.7211
1530	16.7319
1531	16.7568
1532	16.7718
1533	16.7917
1534	16.8257
1535	16.864
1536	16.8754
1537	16.8738
1538	16.8731
1539	16.8651
1540	16.8818
1541	16.9006
1542	16.9302
1543	16.9481
1544	16.9529
1545	16.9399
1546	16.9641
1547	16.9973
1548	17.0439
1549	17.0921
1550	17.1233
1551	17.1512
1552	17.1672
1553	17.1605
1554	17.1567
1555	17.1302
1556	17.1103
1557	17.0764
1558	17.0463
1559	17.0284
1560	17.0278
1561	17.0185
1562	17.0462
1563	17.0802
1564	17.1277
1565	17.1671
1566	17.1953
1567	17.2049
1568	17.2375
1569	17.254
1570	17.2708
1571	17.2738
1572	17.2667
1573	17.2669
1574	17.295
1575	17.3381
1576	17.3729
1577	17.4021
1578	17.4389
1579	17.4794
1580	17.5212
1581	17.5549
1582	17.5973
1583	17.6412
1584	17.6811
1585	17.714
1586	17.7375
1587	17.7645
1588	17.7925
1589	17.8079
1590	17.808
1591	17.7759
1592	17.7476
1593	17.722
1594	17.7116
1595	17.7113
1596	17.7162
1597	17.7162
1598	17.7252
1599	17.7052
1600	17.6421
1601	17.6045
1602	17.5623
1603	17.5595
1604	17.5591
1605	17.559
1606	17.5681
1607	17.567
1608	17.5588
1609	17.5312
1610	17.5111
1611	17.5235
1612	17.5453
1613	17.5511
1614	17.5511
1615	17.5283
1616	17.5427
1617	17.569
1618	17.5955
1619	17.6108
1620	17.6182
1621	17.6092
1622	17.5677
1623	17.5071
1624	17.4586
1625	17.4316
1626	17.3867
1627	17.3404
1628	17.3357
1629	17.3466
1630	17.3726
1631	17.3874
1632	17.415
1633	17.427
1634	17.4039
1635	17.3696
1636	17.3623
1637	17.3565
1638	17.3457
1639	17.3407
1640	17.3402
1641	17.3361
1642	17.3442
1643	17.3649
1644	17.41
1645	17.4744
1646	17.4997
1647	17.5155
1648	17.5008
1649	17.4981
1650	17.4931
1651	17.4789
1652	17.467
1653	17.4548
1654	17.4437
1655	17.4377
1656	17.4254
1657	17.4266
1658	17.4438
1659	17.4729
1660	17.5134
1661	17.5724
1662	17.5946
1663	17.5898
1664	17.5513
1665	17.4807
1666	17.4548
1667	17.4558
1668	17.4236
1669	17.4003
1670	17.3747
1671	17.3604
1672	17.3573
1673	17.3644
1674	17.3665
1675	17.3338
1676	17.2856
1677	17.2375
1678	17.1959
1679	17.158
1680	17.1179
1681	17.0818
1682	17.055
1683	17.0299
1684	16.9948
1685	16.9636
1686	16.9593
1687	16.9657
1688	16.9619
1689	16.9407
1690	16.9111
1691	16.9176
1692	16.9221
1693	16.9177
1694	16.9172
1695	16.9171
1696	16.9155
1697	16.9001
1698	16.8788
1699	16.8743
1700	16.8949
1701	16.8939
1702	16.8934
1703	16.9072
1704	16.9335
1705	16.9405
1706	16.9397
1707	16.9397
1708	16.9389
1709	16.9536
1710	16.9564
1711	16.9458
1712	16.9418
1713	16.9622
1714	16.9985
1715	17.022
1716	17.0503
1717	17.061
1718	17.0654
1719	17.0747
1720	17.0776
1721	17.0723
1722	17.0907
1723	17.1332
1724	17.1708
1725	17.2062
1726	17.2352
1727	17.2734
1728	17.3042
1729	17.3279
1730	17.3163
1731	17.2859
1732	17.2577
1733	17.2249
1734	17.2131
1735	17.2109
1736	17.2108
1737	17.2119
1738	17.2113
1739	17.2124
1740	17.2121
1741	17.1985
1742	17.1689
1743	17.1264
1744	17.0798
1745	17.0334
1746	16.9866
1747	16.9455
1748	16.9003
1749	16.856
1750	16.8553
1751	16.85
1752	16.8423
1753	16.8234
1754	16.8059
1755	16.8364
1756	16.8677
1757	16.8668
1758	16.8378
1759	16.7957
1760	16.7298
1761	16.6875
1762	16.6446
1763	16.6187
1764	16.6114
1765	16.6392
1766	16.6396
1767	16.6313
1768	16.63
1769	16.6376
1770	16.6478
1771	16.6498
1772	16.6481
1773	16.6296
1774	16.5971
1775	16.5847
1776	16.5864
1777	16.5892
1778	16.5904
1779	16.5904
1780	16.5909
1781	16.5955
1782	16.5844
1783	16.5848
1784	16.5877
1785	16.5723
1786	16.5502
1787	16.5153
1788	16.4774
1789	16.4605
1790	16.4643
1791	16.4582
1792	16.4736
1793	16.5067
1794	16.5266
1795	16.5529
1796	16.5853
1797	16.5645
1798	16.5671
1799	16.6018
1800	16.6451
1801	16.6898
1802	16.7324
1803	16.7276
1804	16.7285
1805	16.7485
1806	16.7807
1807	16.821
1808	16.8661
1809	16.8903
1810	16.8938
1811	16.8811
1812	16.8507
1813	16.8132
1814	16.7744
1815	16.7519
1816	16.72
1817	16.6828
1818	16.6458
1819	16.6023
1820	16.5604
1821	16.5297
1822	16.5048
1823	16.4774
1824	16.4505
1825	16.419
1826	16.3923
1827	16.3592
1828	16.3251
1829	16.292
1830	16.2708
1831	16.2629
1832	16.2571
1833	16.2552
1834	16.2547
1835	16.2516
1836	16.2491
1837	16.2437
1838	16.2518
1839	16.2535
1840	16.2563
1841	16.2561
1842	16.2555
1843	16.2609
1844	16.2612
1845	16.2611
1846	16.2656
1847	16.2651
1848	16.2793
1849	16.2808
1850	16.2465
1851	16.2261
1852	16.2189
1853	16.223
1854	16.1993
1855	16.1655
1856	16.129
1857	16.1175
1858	16.1157
1859	16.1139
1860	16.132
1861	16.1302
1862	16.1393
1863	16.157
1864	16.163
1865	16.1637
1866	16.1645
1867	16.1636
1868	16.1653
1869	16.1591
1870	16.152
1871	16.1511
1872	16.1504
1873	16.1663
1874	16.1688
1875	16.1749
1876	16.1745
1877	16.1734
1878	16.1735
1879	16.1737
1880	16.1735
1881	16.182
1882	16.1857
1883	16.1719
1884	16.1685
1885	16.1705
1886	16.1752
1887	16.1768
1888	16.1838
1889	16.183
1890	16.178
1891	16.1792
1892	16.1711
1893	16.1408
1894	16.1231
1895	16.0988
1896	16.068
1897	16.088
1898	16.0842
1899	16.0502
1900	16.0084
1901	15.9775
1902	15.9501
1903	15.9423
1904	15.9179
1905	15.8932
1906	15.8656
1907	15.8291
1908	15.7892
1909	15.7564
1910	15.7395
1911	15.7418
1912	15.744
1913	15.7423
1914	15.7424
1915	15.7502
1916	15.7407
1917	15.7495
1918	15.7505
1919	15.7497
1920	15.7335
1921	15.746
1922	15.7636
1923	15.7631
1924	15.7548
1925	15.755
1926	15.7656
1927	15.7682
1928	15.7623
1929	15.7621
1930	15.7616
1931	15.763
1932	15.7596
1933	15.7603
1934	15.7633
1935	15.7716
1936	15.7753
1937	15.7885
1938	15.7898
1939	15.7899
1940	15.7949
1941	15.7967
1942	15.8012
1943	15.797
1944	15.7971
1945	15.805
1946	15.8018
1947	15.7992
1948	15.798
1949	15.805
1950	15.8079
1951	15.8058
1952	15.7884
1953	15.7923
1954	15.8124
1955	15.8062
1956	15.8037
1957	15.8038
1958	15.8059
1959	15.8056
1960	15.8058
1961	15.8068
1962	15.7969
1963	15.7799
1964	15.7748
1965	15.7815
1966	15.7832
1967	15.7835
1968	15.7867
1969	15.8032
1970	15.8067
1971	15.8125
1972	15.8256
1973	15.8147
1974	15.8165
1975	15.8223
1976	15.8227
1977	15.8224
1978	15.8206
1979	15.8191
1980	15.8012
1981	15.7933
1982	15.7896
1983	15.7883
1984	15.7874
1985	15.7974
1986	15.7889
1987	15.7965
1988	15.7907
1989	15.7956
1990	15.7852
1991	15.7692
1992	15.7546
1993	15.7551
1994	15.7523
1995	15.7515
1996	15.7514
1997	15.7519
1998	15.7517
1999	15.7526
2000	15.7525
2001	15.7489
2002	15.7391
2003	15.7383
2004	15.7371
2005	15.7373
2006	15.7371
2007	15.7379
2008	15.7388
2009	15.7379
2010	15.7383
2011	15.7332
2012	15.732
2013	15.7326
2014	15.7326
2015	15.7256
2016	15.7243
2017	15.7121
2018	15.7095
2019	15.7206
2020	15.7385
2021	15.7266
2022	15.7097
2023	15.7076
2024	15.7088
2025	15.7187
2026	15.7102
2027	15.7123
2028	15.7325
2029	15.7565
2030	15.7757
2031	15.7854
2032	15.7852
2033	15.7846
2034	15.7823
2035	15.7744
2036	15.7712
2037	15.7664
2038	15.7746
2039	15.7854
2040	15.7966
2041	15.8014
2042	15.7979
2043	15.8142
2044	15.8298
2045	15.8317
2046	15.8394
2047	15.8411
2048	15.845
2049	15.8406
2050	15.8392
2051	15.8424
2052	15.8489
2053	15.8422
2054	15.8496
2055	15.862
2056	15.8657
2057	15.8664
2058	15.8649
2059	15.8628
2060	15.8426
2061	15.8433
2062	15.8553
2063	15.8674
2064	15.8768
2065	15.881
2066	15.8924
2067	15.9108
2068	15.889
2069	15.8693
2070	15.8633
2071	15.8553
2072	15.8454
2073	15.8414
2074	15.842
2075	15.8353
2076	15.834
2077	15.8351
2078	15.8491
2079	15.869
2080	15.8732
2081	15.8737
2082	15.8716
2083	15.8747
2084	15.8869
2085	15.8786
2086	15.8774
2087	15.8648
2088	15.863
2089	15.8516
2090	15.851
2091	15.8508
2092	15.8635
2093	15.8737
2094	15.8761
2095	15.8781
2096	15.8792
2097	15.8788
2098	15.8791
2099	15.88
2100	15.8915
2101	15.8866
2102	15.8934
2103	15.8973
2104	15.8994
2105	15.9143
2106	15.9166
2107	15.9193
2108	15.9356
2109	15.9507
2110	15.9709
2111	15.9771
2112	15.9856
2113	15.9911
2114	16.0282
2115	16.0596
2116	16.1012
2117	16.1291
2118	16.1264
2119	16.116
2120	16.124
2121	16.1275
2122	16.1339
2123	16.1351
2124	16.1336
2125	16.1216
2126	16.1206
2127	16.1144
2128	16.092
2129	16.0657
2130	16.0538
2131	16.0445
2132	16.0429
2133	16.0405
2134	16.0402
2135	16.0395
2136	16.0388
2137	16.0341
2138	16.0166
2139	16.013
2140	15.9973
2141	15.9993
2142	16.0019
2143	15.9887
2144	15.974
2145	15.9637
2146	15.9574
2147	15.955
2148	15.9526
2149	15.9498
2150	15.9495
2151	15.9444
2152	15.9394
2153	15.9331
2154	15.9214
2155	15.9078
2156	15.9043
2157	15.9033
2158	15.9016
2159	15.9037
2160	15.9244
2161	15.9256
2162	15.9134
2163	15.8844
2164	15.8769
2165	15.8654
2166	15.8518
2167	15.8329
2168	15.8498
2169	15.8515
2170	15.8518
2171	15.8527
2172	15.849
2173	15.849
2174	15.8497
2175	15.8514
2176	15.8464
2177	15.8369
2178	15.8281
2179	15.8271
2180	15.8427
2181	15.8453
2182	15.8487
2183	15.8454
2184	15.8321
2185	15.8285
2186	15.8253
2187	15.8244
2188	15.8143
2189	15.8179
2190	15.8173
2191	15.8168
2192	15.8028
2193	15.7852
2194	15.7819
2195	15.7631
2196	15.7724
2197	15.7834
2198	15.7947
2199	15.7975
2200	15.7956
2201	15.7992
2202	15.7952
2203	15.8022
2204	15.7932
2205	15.7923
2206	15.8104
2207	15.8254
2208	15.8247
2209	15.8161
2210	15.8018
2211	15.8101
2212	15.7836
2213	15.7798
2214	15.7435
2215	15.714
2216	15.6866
2217	15.6694
2218	15.6719
2219	15.6702
2220	15.6695
2221	15.6799
2222	15.6867
2223	15.6977
2224	15.7122
2225	15.7146
2226	15.7236
2227	15.7386
2228	15.7189
2229	15.7259
2230	15.7189
2231	15.7173
2232	15.7276
2233	15.7434
2234	15.7635
2235	15.7807
2236	15.787
2237	15.7971
2238	15.8146
2239	15.809
2240	15.789
2241	15.7806
2242	15.7794
2243	15.7788
2244	15.7789
2245	15.7795
2246	15.7764
2247	15.7747
2248	15.7849
2249	15.7858
2250	15.7847
2251	15.7869
2252	15.7873
2253	15.7862
2254	15.7868
2255	15.7892
2256	15.7962
2257	15.7991
2258	15.7999
2259	15.8008
2260	15.8004
2261	15.7979
2262	15.7979
2263	15.8143
2264	15.8129
2265	15.8147
2266	15.796
2267	15.7977
2268	15.7985
2269	15.8092
2270	15.8236
2271	15.8256
2272	15.8261
2273	15.8265
2274	15.83
2275	15.8282
2276	15.8338
2277	15.8462
2278	15.8425
2279	15.8246
2280	15.8236
2281	15.8202
2282	15.8194
2283	15.8195
2284	15.8242
2285	15.8335
2286	15.8379
2287	15.8393
2288	15.8488
2289	15.8521
2290	15.8542
2291	15.8566
2292	15.8573
2293	15.8641
2294	15.8656
2295	15.8933
2296	15.8871
2297	15.8768
2298	15.8797
2299	15.8889
2300	15.8813
2301	15.8766
2302	15.882
2303	15.8734
2304	15.8823
2305	15.8789
2306	15.8614
2307	15.8443
2308	15.8358
2309	15.8433
2310	15.8414
2311	15.8388
2312	15.8598
2313	15.8537
2314	15.8575
2315	15.8816
2316	15.8978
2317	15.8999
2318	15.9038
2319	15.906
2320	15.8971
2321	15.8967
2322	15.9238
2323	15.9363
2324	15.9298
2325	15.9696
2326	15.9859
2327	15.9784
2328	16.0399
2329	16.0717
2330	16.0946
2331	16.1361
2332	16.1539
2333	16.1466
2334	16.1269
2335	16.1177
2336	16.112
2337	16.1021
2338	16.0851
2339	16.0855
2340	16.1055
2341	16.1062
2342	16.1048
2343	16.104
2344	16.103
2345	16.1028
2346	16.1036
2347	16.1199
2348	16.1207
2349	16.1215
2350	16.1233
2351	16.1235
2352	16.1229
2353	16.1264
2354	16.1341
2355	16.1346
2356	16.1288
2357	16.1268
2358	16.1352
2359	16.1415
2360	16.1444
2361	16.1466
2362	16.1461
2363	16.1509
2364	16.154
2365	16.1534
2366	16.1876
2367	16.1919
2368	16.1922
2369	16.1677
2370	16.1545
2371	16.166
2372	16.1668
2373	16.1668
2374	16.1628
2375	16.177
2376	16.1629
2377	16.1581
2378	16.1578
2379	16.1682
2380	16.1713
2381	16.1717
2382	16.182
2383	16.2014
2384	16.2024
2385	16.1933
2386	16.1919
2387	16.1977
2388	16.2009
2389	16.1992
2390	16.1983
2391	16.1966
2392	16.1972
2393	16.1968
2394	16.196
2395	16.184
2396	16.1903
2397	16.2063
2398	16.2154
2399	16.209
2400	16.1897
2401	16.1954
2402	16.1869
2403	16.1848
2404	16.1842
2405	16.1741
2406	16.1705
2407	16.1753
2408	16.1679
2409	16.153
2410	16.1539
2411	16.1432
2412	16.1401
2413	16.1429
2414	16.1383
2415	16.1105
2416	16.0866
2417	16.0761
2418	16.0717
2419	16.0707
2420	16.0708
2421	16.0563
2422	16.0241
2423	16.0004
2424	15.9925
2425	15.9509
2426	15.9318
2427	15.9273
2428	15.8866
2429	15.8492
2430	15.8335
2431	15.8043
2432	15.7783
2433	15.7701
2434	15.7755
2435	15.7841
2436	15.7991
2437	15.8024
2438	15.8075
2439	15.8147
2440	15.8244
2441	15.8261
2442	15.8277
2443	15.8375
2444	15.8481
2445	15.8515
2446	15.8527
2447	15.843
2448	15.8315
2449	15.8304
2450	15.8404
2451	15.8542
2452	15.8579
2453	15.8533
2454	15.8458
2455	15.8561
2456	15.8707
2457	15.8746
2458	15.8772
2459	15.8746
2460	15.8716
2461	15.87
2462	15.8706
2463	15.879
2464	15.8784
2465	15.8768
2466	15.8626
2467	15.8572
2468	15.8641
2469	15.8789
2470	15.8769
2471	15.8638
2472	15.8462
2473	15.8561
2474	15.8545
2475	15.8405
2476	15.8539
2477	15.8556
2478	15.8674
2479	15.8613
2480	15.8578
2481	15.8571
2482	15.8469
2483	15.83
2484	15.8247
2485	15.8239
2486	15.8214
2487	15.8177
2488	15.8229
2489	15.8214
2490	15.8257
2491	15.8315
2492	15.8328
2493	15.8313
2494	15.838
2495	15.8398
2496	15.8304
2497	15.8142
2498	15.7921
2499	15.7869
2500	15.8048
2501	15.802
2502	15.8008
2503	15.8031
2504	15.8032
2505	15.8023
2506	15.8017
2507	15.7968
2508	15.7962
2509	15.8042
2510	15.8015
2511	15.801
2512	15.8007
2513	15.8008
2514	15.8007
2515	15.8095
2516	15.8051
2517	15.8052
2518	15.8071
2519	15.8076
2520	15.8078
2521	15.8083
2522	15.7998
2523	15.7974
2524	15.811
2525	15.8143
2526	15.8091
2527	15.8055
2528	15.8053
2529	15.8102
2530	15.8064
2531	15.7978
2532	15.7973
2533	15.8039
2534	15.8124
2535	15.8135
2536	15.8095
2537	15.8173
2538	15.8293
2539	15.8288
2540	15.821
2541	15.8269
2542	15.8402
2543	15.8302
2544	15.8261
2545	15.8354
2546	15.8568
2547	15.8581
2548	15.859
2549	15.8606
2550	15.8535
2551	15.8437
2552	15.8433
2553	15.8476
2554	15.8498
2555	15.84
2556	15.8266
2557	15.8247
2558	15.8155
2559	15.8203
2560	15.8093
2561	15.8182
2562	15.8232
2563	15.8193
2564	15.8241
2565	15.8314
2566	15.8397
2567	15.8465
2568	15.8512
2569	15.863
2570	15.8824
2571	15.9019
2572	15.9276
2573	15.9246
2574	15.9334
2575	15.9287
2576	15.9368
2577	15.9434
2578	15.9377
2579	15.9439
2580	15.9518
2581	15.9572
2582	15.9641
2583	15.969
2584	15.976
2585	15.9807
2586	15.9915
2587	16.003
2588	16.0013
2589	16.005
2590	16.0034
2591	16.0012
2592	16.0047
2593	16.0108
2594	16.008
2595	16.0103
2596	16.0124
2597	16.0142
2598	16.0225
2599	16.0286
2600	16.0298
2601	16.0249
2602	16.0257
2603	16.0258
2604	16.029
2605	16.0335
2606	16.0398
2607	16.0436
2608	16.0482
2609	16.051
2610	16.0529
2611	16.0551
2612	16.0586
2613	16.0617
2614	16.0663
2615	16.0726
2616	16.076
2617	16.077
2618	16.0762
2619	16.0781
2620	16.0808
2621	16.0853
2622	16.0884
2623	16.092
2624	16.0803
2625	16.0895
2626	16.0912
2627	16.0946
2628	16.099
2629	16.0981
2630	16.0996
2631	16.1003
2632	16.1029
2633	16.0999
2634	16.0883
2635	16.0735
2636	16.0644
2637	16.0549
2638	16.0392
2639	16.0333
2640	16.0309
2641	16.0246
2642	16.0116
2643	16.0125
2644	16.0076
2645	15.9971
2646	15.9778
2647	15.9729
2648	15.9744
2649	15.9833
2650	15.9827
2651	15.9839
2652	15.9947
2653	15.996
2654	15.9958
2655	15.9972
2656	15.9981
2657	15.9982
2658	15.9989
2659	15.9937
2660	16.0066
2661	16.0114
2662	16.0107
2663	16.0169
2664	16.0128
2665	16.0085
2666	16.0019
2667	15.9976
2668	16.0018
2669	16.017
2670	16.0354
2671	16.0598
2672	16.0958
2673	16.1321
2674	16.1519
2675	16.1989
2676	16.2177
2677	16.238
2678	16.2614
2679	16.2972
2680	16.3349
2681	16.3763
2682	16.4081
2683	16.4272
2684	16.4488
2685	16.4822
2686	16.5015
2687	16.4977
2688	16.4938
2689	16.4898
2690	16.5023
2691	16.5255
2692	16.5388
2693	16.5484
2694	16.5685
2695	16.5909
2696	16.604
2697	16.635
2698	16.6379
2699	16.6332
2700	16.6344
2701	16.6401
2702	16.6409
2703	16.6397
2704	16.6393
2705	16.639
2706	16.6371
2707	16.6361
2708	16.6342
2709	16.6031
2710	16.6257
2711	16.6461
2712	16.6714
2713	16.6983
2714	16.7251
2715	16.738
2716	16.7576
2717	16.7716
2718	16.784
2719	16.7849
2720	16.7649
2721	16.7639
2722	16.7633
2723	16.7618
2724	16.762
2725	16.7459
2726	16.7607
2727	16.7924
2728	16.7989
2729	16.8022
2730	16.8052
2731	16.8108
2732	16.826
2733	16.8343
2734	16.834
2735	16.8353
2736	16.835
2737	16.8357
2738	16.8371
2739	16.8351
2740	16.8346
2741	16.8342
2742	16.8345
2743	16.8465
2744	16.8663
2745	16.8928
2746	16.93
2747	16.9647
2748	17.0026
2749	17.0363
2750	17.0582
2751	17.1016
2752	17.1245
2753	17.1373
2754	17.1387
2755	17.1412
2756	17.1405
2757	17.1415
2758	17.1557
2759	17.1799
2760	17.2032
2761	17.2325
2762	17.2677
2763	17.292
2764	17.3285
2765	17.3756
2766	17.3894
2767	17.4123
2768	17.4227
2769	17.4221
2770	17.4165
2771	17.401
2772	17.38
2773	17.366
2774	17.3725
2775	17.3743
2776	17.3835
2777	17.396
2778	17.4082
2779	17.3812
2780	17.3674
2781	17.3465
2782	17.3343
2783	17.3382
2784	17.3525
2785	17.3519
2786	17.3515
2787	17.3804
2788	17.4287
2789	17.4615
2790	17.4741
2791	17.4563
2792	17.4403
2793	17.4428
2794	17.4291
2795	17.4305
2796	17.4506
2797	17.4393
2798	17.4615
2799	17.4651
2800	17.4804
2801	17.505
2802	17.5118
2803	17.514
2804	17.5147
2805	17.5132
2806	17.509
2807	17.5054
2808	17.5054
2809	17.5429
2810	17.52
2811	17.4977
2812	17.4705
2813	17.4405
2814	17.4098
2815	17.3828
2816	17.3616
2817	17.3492
2818	17.3372
2819	17.3367
2820	17.3618
2821	17.3619
2822	17.3579
2823	17.3658
2824	17.3791
2825	17.3891
2826	17.3701
2827	17.3365
2828	17.3288
2829	17.3304
2830	17.342
2831	17.3772
2832	17.3881
2833	17.4161
2834	17.446
2835	17.4799
2836	17.5055
2837	17.5071
2838	17.5006
2839	17.4951
2840	17.4915
2841	17.5011
2842	17.4981
2843	17.4795
2844	17.4546
2845	17.423
2846	17.3907
2847	17.3549
2848	17.32
2849	17.2809
2850	17.2655
2851	17.2276
2852	17.2006
2853	17.1962
2854	17.2056
2855	17.2128
2856	17.2232
2857	17.2252
2858	17.2054
2859	17.1769
2860	17.152
2861	17.1081
2862	17.0484
2863	17.0041
2864	16.9708
2865	16.9266
2866	16.9157
2867	16.8903
2868	16.8617
2869	16.8318
2870	16.7942
2871	16.7605
2872	16.7318
2873	16.6977
2874	16.6626
2875	16.6194
2876	16.5933
2877	16.5538
2878	16.4963
2879	16.4925
2880	16.4627
2881	16.455
2882	16.4452
2883	16.4498
2884	16.4395
2885	16.431
2886	16.4255
2887	16.4309
2888	16.4285
2889	16.4254
2890	16.4058
2891	16.399
2892	16.4007
2893	16.3905
2894	16.3846
2895	16.3527
2896	16.3332
2897	16.3316
2898	16.3178
2899	16.3313
2900	16.3241
2901	16.3163
2902	16.3257
2903	16.3513
2904	16.3794
2905	16.4141
2906	16.4382
2907	16.4454
2908	16.4481
2909	16.4402
2910	16.4408
2911	16.4428
2912	16.4569
2913	16.4775
2914	16.5044
2915	16.5351
2916	16.5625
2917	16.5743
2918	16.5779
2919	16.5805
2920	16.5806
2921	16.5823
2922	16.5894
2923	16.5944
2924	16.5908
2925	16.5903
2926	16.5951
2927	16.5979
2928	16.5995
2929	16.5967
2930	16.6014
2931	16.5943
2932	16.6048
2933	16.605
2934	16.6054
2935	16.5848
2936	16.5765
2937	16.5805
2938	16.5828
2939	16.6008
2940	16.611
2941	16.607
2942	16.6271
2943	16.6387
2944	16.6466
2945	16.6538
2946	16.6163
2947	16.6186
2948	16.6501
2949	16.6908
2950	16.7297
2951	16.7667
2952	16.8022
2953	16.8241
2954	16.851
2955	16.8878
2956	16.9232
2957	16.9595
2958	17.0111
2959	17.0632
2960	17.0997
2961	17.114
2962	17.1472
2963	17.1627
2964	17.1667
2965	17.1747
2966	17.1842
2967	17.2056
2968	17.2254
2969	17.252
2970	17.2734
2971	17.3012
2972	17.3354
2973	17.3728
2974	17.4115
2975	17.423
2976	17.4257
2977	17.4484
2978	17.4766
2979	17.4641
2980	17.4664
2981	17.4519
2982	17.4121
2983	17.379
2984	17.3801
2985	17.377
2986	17.3806
2987	17.3634
2988	17.3552
