frame_no	rate
0	inf
1	10.9383
2	8.26214
3	7.40824
4	7.02683
5	6.7218
6	6.53871
7	6.41432
8	6.29532
9	6.17435
10	6.10683
11	6.04812
12	6.00429
13	5.95676
14	5.93369
15	5.91081
16	5.89577
17	5.87716
18	5.86304
19	5.84774
20	5.83936
21	5.82723
22	5.81623
23	5.80925
24	5.81023
25	5.79598
26	5.78742
27	5.77976
28	5.77437
29	5.77033
30	5.75925
31	5.77812
32	5.78465
33	5.78583
34	5.79783
35	5.83294
36	5.84728
37	5.84646
38	5.83462
39	5.82866
40	5.82448
41	5.81942
42	5.81421
43	5.8095
44	5.80677
45	5.80784
46	5.80427
47	5.80111
48	5.79823
49	5.79898
50	5.79709
51	5.81978
52	5.83009
53	5.83014
54	5.82695
55	5.82337
56	5.82022
57	5.81748
58	5.81484
59	5.81181
60	5.8089
61	5.80578
62	5.80418
63	5.8021
64	5.80039
65	5.79847
66	5.79711
67	5.79471
68	5.79542
69	5.79574
70	5.79383
71	5.79178
72	5.78913
73	5.78734
74	5.80044
75	5.80614
76	5.80504
77	5.80302
78	5.80111
79	5.79941
80	5.81185
81	5.81624
82	5.81434
83	5.81239
84	5.80943
85	5.80583
86	5.80279
87	5.80072
88	5.79952
89	5.79783
90	5.7951
91	5.79288
92	5.79028
93	5.78808
94	5.78644
95	5.78491
96	5.78242
97	5.78018
98	5.77922
99	5.77788
100	5.71818
101	5.7197
102	5.72146
103	5.71918
104	5.72251
105	5.72942
106	5.73061
107	5.73025
108	5.7325
109	5.73672
110	5.73858
111	5.73894
112	5.73985
113	5.74296
114	5.75557
115	5.7623
116	5.77649
117	5.78448
118	5.78683
119	5.7866
120	5.78527
121	5.78446
122	5.79431
123	5.79814
124	5.79507
125	5.7992
126	5.79896
127	5.79952
128	5.79847
129	5.79775
130	5.79927
131	5.79185
132	5.78776
133	5.78354
134	5.77842
135	5.76321
136	5.75738
137	5.75524
138	5.7561
139	5.75573
140	5.75421
141	5.75335
142	5.75106
143	5.76283
144	5.76194
145	5.76215
146	5.76232
147	5.75952
148	5.75928
149	5.75529
150	5.75406
151	5.73951
152	5.73203
153	5.72812
154	5.72861
155	5.73506
156	5.73907
157	5.74142
158	5.74006
159	5.73938
160	5.75112
161	5.75781
162	5.75729
163	5.75626
164	5.75479
165	5.75576
166	5.7516
167	5.75084
168	5.74812
169	5.74476
170	5.74357
171	5.74262
172	5.74242
173	5.74126
174	5.72809
175	5.72018
176	5.72467
177	5.72393
178	5.73483
179	5.73811
180	5.7328
181	5.73071
182	5.73353
183	5.74119
184	5.7451
185	5.74601
186	5.74496
187	5.74446
188	5.7433
189	5.74269
190	5.74785
191	5.75684
192	5.76996
193	5.78603
194	5.79546
195	5.79551
196	5.80928
197	5.81674
198	5.818
199	5.81828
200	5.8316
201	5.8481
202	5.85623
203	5.86179
204	5.86788
205	5.87084
206	5.88348
207	5.89206
208	5.9065
209	5.9219
210	5.93095
211	5.94481
212	5.96022
213	5.97535
214	5.97204
215	5.97207
216	5.97341
217	5.98312
218	5.99144
219	6.0052
220	6.0218
221	6.03618
222	6.03455
223	6.03078
224	6.03832
225	6.03601
226	6.04833
227	6.06262
228	6.07018
229	6.08002
230	6.09449
231	6.10502
232	6.11052
233	6.12435
234	6.14197
235	6.15249
236	6.15251
237	6.15525
238	6.15811
239	6.16092
240	6.16284
241	6.16416
242	6.16568
243	6.15354
244	6.15359
245	6.15099
246	6.15231
247	6.15542
248	6.15611
249	6.15895
250	6.15994
251	6.15988
252	6.16003
253	6.16142
254	6.16146
255	6.15429
256	6.15035
257	6.14877
258	6.15025
259	6.15303
260	6.14097
261	6.13528
262	6.13733
263	6.13999
264	6.14248
265	6.14247
266	6.14866
267	6.15152
268	6.15337
269	6.15617
270	6.16708
271	6.18115
272	6.19483
273	6.20478
274	6.21138
275	6.21624
276	6.22034
277	6.22433
278	6.21547
279	6.21666
280	6.21255
281	6.21028
282	6.20888
283	6.20262
284	6.20179
285	6.20587
286	6.21207
287	6.21628
288	6.22135
289	6.22565
290	6.22354
291	6.21846
292	6.21702
293	6.21039
294	6.21272
295	6.22548
296	6.23078
297	6.2384
298	6.2419
299	6.2455
300	6.24596
301	6.23951
302	6.23355
303	6.2497
304	6.25498
305	6.25816
306	6.25091
307	6.24545
308	6.23274
309	6.22455
310	6.21824
311	6.20859
312	6.19724
313	6.18497
314	6.17893
315	6.17754
316	6.16733
317	6.15367
318	6.14771
319	6.13924
320	6.12641
321	6.11804
322	6.12085
323	6.12569
324	6.12373
325	6.12916
326	6.12174
327	6.12279
328	6.12673
329	6.12225
330	6.11308
331	6.10683
332	6.11143
333	6.11031
334	6.09655
335	6.09305
336	6.10073
337	6.10321
338	6.10759
339	6.11041
340	6.11482
341	6.12004
342	6.13824
343	6.14599
344	6.15074
345	6.15787
346	6.17325
347	6.18163
348	6.18551
349	6.18883
350	6.19349
351	6.20002
352	6.20588
353	6.21401
354	6.21932
355	6.22437
356	6.22764
357	6.23092
358	6.2369
359	6.23995
360	6.24367
361	6.24759
362	6.25121
363	6.25537
364	6.25884
365	6.26571
366	6.27994
367	6.29495
368	6.31406
369	6.33052
370	6.32912
371	6.32828
372	6.33357
373	6.3404
374	6.35185
375	6.3633
376	6.35849
377	6.36051
378	6.36167
379	6.3755
380	6.38305
381	6.38791
382	6.39085
383	6.39282
384	6.3949
385	6.39648
386	6.39711
387	6.39921
388	6.39915
389	6.40167
390	6.41671
391	6.42501
392	6.41938
393	6.42054
394	6.41978
395	6.42522
396	6.41877
397	6.42252
398	6.43048
399	6.44459
400	6.44818
401	6.4556
402	6.47217
403	6.46935
404	6.46584
405	6.45742
406	6.45376
407	6.45517
408	6.45544
409	6.45047
410	6.45197
411	6.45237
412	6.45059
413	6.45364
414	6.45415
415	6.45379
416	6.45147
417	6.45288
418	6.45036
419	6.45147
420	6.45398
421	6.45483
422	6.44619
423	6.44654
424	6.44853
425	6.44897
426	6.45016
427	6.43948
428	6.43239
429	6.43233
430	6.43305
431	6.43375
432	6.42827
433	6.42247
434	6.42283
435	6.422
436	6.43128
437	6.43675
438	6.4359
439	6.4364
440	6.4359
441	6.43595
442	6.42324
443	6.43235
444	6.43755
445	6.43633
446	6.42386
447	6.41915
448	6.42115
449	6.42289
450	6.42387
451	6.42452
452	6.42438
453	6.42344
454	6.42521
455	6.42576
456	6.42733
457	6.43432
458	6.44931
459	6.45855
460	6.45866
461	6.45889
462	6.47381
463	6.48779
464	6.48774
465	6.48422
466	6.4728
467	6.4611
468	6.44401
469	6.43151
470	6.42835
471	6.42028
472	6.40585
473	6.39571
474	6.3853
475	6.37732
476	6.3771
477	6.37705
478	6.37657
479	6.36368
480	6.35512
481	6.35535
482	6.35607
483	6.35777
484	6.35783
485	6.35779
486	6.35847
487	6.35948
488	6.36243
489	6.37307
490	6.36355
491	6.35454
492	6.35247
493	6.34723
494	6.34691
495	6.33375
496	6.32528
497	6.31129
498	6.3038
499	6.29222
500	6.27964
501	6.26686
502	6.25397
503	6.24213
504	6.23167
505	6.2322
506	6.23345
507	6.23277
508	6.23397
509	6.23548
510	6.23502
511	6.23555
512	6.23774
513	6.2361
514	6.23811
515	6.23664
516	6.23729
517	6.23625
518	6.23809
519	6.23777
520	6.23669
521	6.23673
522	6.23864
523	6.23832
524	6.23618
525	6.23541
526	6.2355
527	6.2344
528	6.24003
529	6.24156
530	6.24379
531	6.24683
532	6.24758
533	6.24635
534	6.24659
535	6.24988
536	6.23661
537	6.24005
538	6.24013
539	6.23957
540	6.24021
541	6.24023
542	6.24285
543	6.234
544	6.22959
545	6.22807
546	6.22672
547	6.22747
548	6.22616
549	6.23669
550	6.23628
551	6.23608
552	6.23597
553	6.23501
554	6.23293
555	6.23291
556	6.23264
557	6.22729
558	6.21241
559	6.20354
560	6.20289
561	6.2022
562	6.19966
563	6.18883
564	6.18892
565	6.19164
566	6.1917
567	6.19133
568	6.19376
569	6.20049
570	6.20157
571	6.20269
572	6.20368
573	6.20413
574	6.20891
575	6.20888
576	6.2087
577	6.20858
578	6.20941
579	6.20901
580	6.21254
581	6.21099
582	6.21161
583	6.21136
584	6.21083
585	6.21119
586	6.21079
587	6.20926
588	6.20713
589	6.19721
590	6.19395
591	6.19593
592	6.19518
593	6.19324
594	6.18724
595	6.18767
596	6.18694
597	6.18677
598	6.18705
599	6.18696
600	6.18588
601	6.18507
602	6.18314
603	6.18289
604	6.18303
605	6.18268
606	6.18166
607	6.18202
608	6.18191
609	6.18119
610	6.18161
611	6.18279
612	6.18353
613	6.18672
614	6.18459
615	6.18636
616	6.18573
617	6.18616
618	6.18495
619	6.18363
620	6.18627
621	6.18602
622	6.18605
623	6.18536
624	6.18611
625	6.18615
626	6.18562
627	6.1856
628	6.1818
629	6.19279
630	6.20311
631	6.21629
632	6.23206
633	6.25001
634	6.26174
635	6.27418
636	6.28279
637	6.2767
638	6.28052
639	6.28444
640	6.28756
641	6.28883
642	6.30032
643	6.31302
644	6.33126
645	6.34771
646	6.36448
647	6.38114
648	6.39843
649	6.40016
650	6.41552
651	6.42421
652	6.42367
653	6.43285
654	6.44296
655	6.45344
656	6.47034
657	6.48348
658	6.50219
659	6.52212
660	6.52292
661	6.52303
662	6.51064
663	6.50731
664	6.51075
665	6.50741
666	6.50807
667	6.52176
668	6.52821
669	6.52152
670	6.51897
671	6.517
672	6.51694
673	6.52855
674	6.52912
675	6.52793
676	6.52819
677	6.52759
678	6.5268
679	6.52622
680	6.52812
681	6.53181
682	6.52999
683	6.52953
684	6.53198
685	6.53248
686	6.5326
687	6.53238
688	6.53473
689	6.53416
690	6.53438
691	6.53367
692	6.53552
693	6.53598
694	6.53948
695	6.53895
696	6.53873
697	6.53898
698	6.53958
699	6.5403
700	6.54667
701	6.54678
702	6.54886
703	6.5568
704	6.56986
705	6.57956
706	6.58037
707	6.58106
708	6.58202
709	6.58154
710	6.59305
711	6.59799
712	6.5977
713	6.59421
714	6.59503
715	6.59508
716	6.59384
717	6.6001
718	6.60306
719	6.60593
720	6.61332
721	6.61629
722	6.62319
723	6.64172
724	6.66209
725	6.6806
726	6.70024
727	6.71638
728	6.73586
729	6.73471
730	6.73956
731	6.74057
732	6.74168
733	6.73314
734	6.73743
735	6.73696
736	6.72655
737	6.7266
738	6.72361
739	6.72288
740	6.72501
741	6.72624
742	6.71512
743	6.6982
744	6.6841
745	6.66846
746	6.654
747	6.63872
748	6.63253
749	6.63129
750	6.62993
751	6.63458
752	6.65432
753	6.65634
754	6.65536
755	6.64835
756	6.6369
757	6.64041
758	6.64097
759	6.6399
760	6.66017
761	6.67048
762	6.66981
763	6.67138
764	6.66831
765	6.68542
766	6.70331
767	6.70857
768	6.7203
769	6.73963
770	6.75393
771	6.77355
772	6.78868
773	6.7883
774	6.79694
775	6.81241
776	6.81569
777	6.82126
778	6.83463
779	6.85131
780	6.86938
781	6.86603
782	6.86746
783	6.86823
784	6.87028
785	6.87027
786	6.87189
787	6.87193
788	6.88193
789	6.89119
790	6.90086
791	6.91206
792	6.91695
793	6.91609
794	6.91188
795	6.91344
796	6.91481
797	6.91786
798	6.91771
799	6.91591
800	6.90833
801	6.91549
802	6.91443
803	6.90597
804	6.90412
805	6.89678
806	6.8963
807	6.91073
808	6.91354
809	6.9151
810	6.90378
811	6.8976
812	6.89725
813	6.8967
814	6.89759
815	6.90932
816	6.90892
817	6.90154
818	6.90133
819	6.91432
820	6.90716
821	6.9055
822	6.89909
823	6.88627
824	6.86367
825	6.84391
826	6.82772
827	6.82649
828	6.82516
829	6.82193
830	6.8043
831	6.79281
832	6.78837
833	6.7944
834	6.79556
835	6.79385
836	6.8067
837	6.82324
838	6.83807
839	6.84531
840	6.85754
841	6.86519
842	6.8672
843	6.87429
844	6.8859
845	6.89659
846	6.91321
847	6.92449
848	6.91958
849	6.91632
850	6.90234
851	6.8966
852	6.88961
853	6.8968
854	6.90769
855	6.91623
856	6.91799
857	6.9141
858	6.9119
859	6.90568
860	6.89986
861	6.90393
862	6.91501
863	6.92525
864	6.93873
865	6.93854
866	6.93715
867	6.9333
868	6.9315
869	6.91945
870	6.90484
871	6.88668
872	6.87169
873	6.87176
874	6.86824
875	6.85596
876	6.86146
877	6.87825
878	6.88178
879	6.88151
880	6.88087
881	6.89291
882	6.89523
883	6.89536
884	6.89423
885	6.89391
886	6.89897
887	6.90272
888	6.8914
889	6.88857
890	6.89782
891	6.89712
892	6.89778
893	6.89924
894	6.90219
895	6.90207
896	6.91049
897	6.92341
898	6.94105
899	6.95844
900	6.97742
901	6.98433
902	7.00038
903	7.01583
904	7.01546
905	7.03014
906	7.04591
907	7.04315
908	7.05787
909	7.06973
910	7.08311
911	7.09446
912	7.09758
913	7.11113
914	7.11224
915	7.10443
916	7.10861
917	7.12332
918	7.12955
919	7.13542
920	7.15229
921	7.16264
922	7.18406
923	7.19863
924	7.22112
925	7.24474
926	7.26162
927	7.26739
928	7.25787
929	7.2677
930	7.27692
931	7.26971
932	7.25427
933	7.23677
934	7.22138
935	7.22466
936	7.2329
937	7.23263
938	7.23712
939	7.24683
940	7.24983
941	7.25012
942	7.25246
943	7.24872
944	7.2518
945	7.26051
946	7.25505
947	7.25735
948	7.27141
949	7.27987
950	7.28694
951	7.28415
952	7.27726
953	7.26113
954	7.23953
955	7.23991
956	7.25385
957	7.24978
958	7.24306
959	7.24128
960	7.23597
961	7.23246
962	7.23619
963	7.22524
964	7.21785
965	7.20093
966	7.18304
967	7.17568
968	7.15434
969	7.14482
970	7.15574
971	7.15615
972	7.15627
973	7.15355
974	7.14112
975	7.13937
976	7.13475
977	7.12819
978	7.11867
979	7.1027
980	7.0832
981	7.0718
982	7.06913
983	7.06939
984	7.06843
985	7.06935
986	7.06297
987	7.07472
988	7.07483
989	7.06949
990	7.05032
991	7.03992
992	7.03451
993	7.03516
994	7.03199
995	7.03077
996	7.02327
997	7.00797
998	6.99087
999	6.97584
1000	6.96869
1001	6.95487
1002	6.93926
1003	6.92464
1004	6.91458
1005	6.89814
1006	6.88331
1007	6.87207
1008	6.85516
1009	6.84458
1010	6.83978
1011	6.83357
1012	6.8338
1013	6.83164
1014	6.83423
1015	6.83018
1016	6.82792
1017	6.81492
1018	6.80958
1019	6.79133
1020	6.77417
1021	6.76411
1022	6.74393
1023	6.72567
1024	6.70714
1025	6.69044
1026	6.67306
1027	6.66567
1028	6.65656
1029	6.64088
1030	6.6285
1031	6.62657
1032	6.62457
1033	6.63036
1034	6.62662
1035	6.60968
1036	6.58971
1037	6.57304
1038	6.55577
1039	6.54579
1040	6.5432
1041	6.54174
1042	6.53488
1043	6.53129
1044	6.5132
1045	6.49538
1046	6.48227
1047	6.46873
1048	6.45097
1049	6.44414
1050	6.43793
1051	6.43303
1052	6.42806
1053	6.42315
1054	6.42248
1055	6.41146
1056	6.39571
1057	6.38572
1058	6.37657
1059	6.3788
1060	6.37303
1061	6.37764
1062	6.38116
1063	6.39366
1064	6.3974
1065	6.40525
1066	6.41941
1067	6.42172
1068	6.42173
1069	6.42424
1070	6.41648
1071	6.41767
1072	6.41795
1073	6.40788
1074	6.40934
1075	6.41794
1076	6.4226
1077	6.42315
1078	6.42771
1079	6.44544
1080	6.45443
1081	6.46342
1082	6.4744
1083	6.48114
1084	6.49482
1085	6.50833
1086	6.52378
1087	6.52691
1088	6.52705
1089	6.53862
1090	6.55037
1091	6.5661
1092	6.5821
1093	6.59898
1094	6.60839
1095	6.61235
1096	6.61862
1097	6.61922
1098	6.62646
1099	6.62763
1100	6.62003
1101	6.62109
1102	6.63464
1103	6.64338
1104	6.6436
1105	6.65438
1106	6.6578
1107	6.65886
1108	6.67027
1109	6.67739
1110	6.68082
1111	6.69369
1112	6.70925
1113	6.7183
1114	6.73185
1115	6.75145
1116	6.7727
1117	6.77275
1118	6.77363
1119	6.77325
1120	6.77104
1121	6.77216
1122	6.77337
1123	6.77346
1124	6.78566
1125	6.78543
1126	6.78575
1127	6.77386
1128	6.77213
1129	6.77074
1130	6.77397
1131	6.77459
1132	6.77626
1133	6.76629
1134	6.7663
1135	6.77974
1136	6.7862
1137	6.78616
1138	6.78573
1139	6.77756
1140	6.76155
1141	6.75113
1142	6.75197
1143	6.75446
1144	6.75745
1145	6.76524
1146	6.78024
1147	6.78248
1148	6.78344
1149	6.77472
1150	6.77391
1151	6.77319
1152	6.77067
1153	6.78165
1154	6.7806
1155	6.78143
1156	6.78013
1157	6.78132
1158	6.7801
1159	6.76717
1160	6.76536
1161	6.74988
1162	6.736
1163	6.72031
1164	6.71017
1165	6.7013
1166	6.68389
1167	6.67542
1168	6.67706
1169	6.67372
1170	6.67436
1171	6.67312
1172	6.67305
1173	6.68396
1174	6.68376
1175	6.6753
1176	6.6643
1177	6.65054
1178	6.6432
1179	6.62475
1180	6.6145
1181	6.6048
1182	6.59399
1183	6.58627
1184	6.57173
1185	6.5575
1186	6.54256
1187	6.52711
1188	6.52532
1189	6.51415
1190	6.50379
1191	6.48771
1192	6.47086
1193	6.45244
1194	6.44447
1195	6.44122
1196	6.4374
1197	6.43591
1198	6.42849
1199	6.42646
1200	6.42585
1201	6.42977
1202	6.41712
1203	6.40775
1204	6.40744
1205	6.39744
1206	6.39527
1207	6.39423
1208	6.38347
1209	6.37514
1210	6.36817
1211	6.35425
1212	6.34215
1213	6.32627
1214	6.31103
1215	6.29312
1216	6.27429
1217	6.27503
1218	6.27667
1219	6.2789
1220	6.27998
1221	6.27949
1222	6.27902
1223	6.29066
1224	6.28771
1225	6.28588
1226	6.29161
1227	6.29209
1228	6.29418
1229	6.292
1230	6.29314
1231	6.30745
1232	6.3236
1233	6.3426
1234	6.3503
1235	6.34429
1236	6.33939
1237	6.34019
1238	6.33877
1239	6.33995
1240	6.33977
1241	6.3425
1242	6.3469
1243	6.34525
1244	6.35583
1245	6.35334
1246	6.34112
1247	6.33864
1248	6.33816
1249	6.3488
1250	6.35227
1251	6.35359
1252	6.35662
1253	6.35729
1254	6.37026
1255	6.38409
1256	6.39389
1257	6.39368
1258	6.39444
1259	6.39393
1260	6.39192
1261	6.39465
1262	6.39337
1263	6.39548
1264	6.4085
1265	6.41347
1266	6.42346
1267	6.42787
1268	6.42773
1269	6.42749
1270	6.4279
1271	6.44243
1272	6.45605
1273	6.45294
1274	6.45509
1275	6.46237
1276	6.47493
1277	6.4909
1278	6.49553
1279	6.50491
1280	6.51221
1281	6.52369
1282	6.52733
1283	6.52717
1284	6.52652
1285	6.5265
1286	6.53402
1287	6.54444
1288	6.55363
1289	6.56107
1290	6.57221
1291	6.59049
1292	6.60938
1293	6.62539
1294	6.64216
1295	6.65891
1296	6.66521
1297	6.67926
1298	6.69421
1299	6.70532
1300	6.71753
1301	6.72586
1302	6.74164
1303	6.75592
1304	6.7699
1305	6.77282
1306	6.78386
1307	6.8037
1308	6.81586
1309	6.83493
1310	6.84726
1311	6.86318
1312	6.87044
1313	6.88896
1314	6.90334
1315	6.92566
1316	6.93998
1317	6.95235
1318	6.96449
1319	6.97504
1320	6.99451
1321	7.01622
1322	7.03257
1323	7.03152
1324	7.04314
1325	7.06111
1326	7.07074
1327	7.08724
1328	7.09821
1329	7.11223
1330	7.12231
1331	7.11501
1332	7.10257
1333	7.10502
1334	7.09379
1335	7.08722
1336	7.08894
1337	7.08335
1338	7.08607
1339	7.08052
1340	7.09654
1341	7.10985
1342	7.11745
1343	7.13398
1344	7.13991
1345	7.15626
1346	7.17597
1347	7.19084
1348	7.19627
1349	7.18269
1350	7.1812
1351	7.19842
1352	7.20581
1353	7.20527
1354	7.21002
1355	7.20339
1356	7.19975
1357	7.21053
1358	7.23009
1359	7.25286
1360	7.27627
1361	7.28508
1362	7.29291
1363	7.31272
1364	7.30726
1365	7.32286
1366	7.33296
1367	7.34381
1368	7.36641
1369	7.37994
1370	7.37912
1371	7.36997
1372	7.36993
1373	7.37399
1374	7.38544
1375	7.39542
1376	7.39996
1377	7.39344
1378	7.39029
1379	7.39447
1380	7.40661
1381	7.41214
1382	7.4167
1383	7.41705
1384	7.41832
1385	7.43569
1386	7.43542
1387	7.43235
1388	7.43242
1389	7.43148
1390	7.43679
1391	7.43771
1392	7.43685
1393	7.4367
1394	7.43534
1395	7.43638
1396	7.4464
1397	7.44195
1398	7.43155
1399	7.43156
1400	7.42494
1401	7.4097
1402	7.38973
1403	7.37596
1404	7.35937
1405	7.35639
1406	7.34272
1407	7.33171
1408	7.32026
1409	7.30013
1410	7.28233
1411	7.26409
1412	7.24986
1413	7.22907
1414	7.21342
1415	7.20774
1416	7.20774
1417	7.2084
1418	7.20683
1419	7.19731
1420	7.17705
1421	7.15473
1422	7.14483
1423	7.13025
1424	7.11017
1425	7.09162
1426	7.0742
1427	7.05764
1428	7.045
1429	7.05144
1430	7.05396
1431	7.06266
1432	7.0714
1433	7.06768
1434	7.0802
1435	7.08294
1436	7.08426
1437	7.08733
1438	7.08689
1439	7.10379
1440	7.08498
1441	7.08601
1442	7.07397
1443	7.06483
1444	7.04571
1445	7.02491
1446	7.00979
1447	7.00209
1448	6.99781
1449	7.00068
1450	7.00941
1451	7.00657
1452	7.0156
1453	7.0165
1454	6.99867
1455	6.98712
1456	6.98049
1457	6.97038
1458	6.95161
1459	6.92849
1460	6.90844
1461	6.90445
1462	6.91129
1463	6.9083
1464	6.91055
1465	6.89967
1466	6.88162
1467	6.86686
1468	6.86277
1469	6.86535
1470	6.88149
1471	6.89045
1472	6.89538
1473	6.90182
1474	6.90062
1475	6.89203
1476	6.89283
1477	6.89392
1478	6.88733
1479	6.87149
1480	6.85178
1481	6.83506
1482	6.82731
1483	6.82771
1484	6.82765
1485	6.81347
1486	6.80429
1487	6.7966
1488	6.78806
1489	6.7793
1490	6.77446
1491	6.76407
1492	6.74523
1493	6.73008
1494	6.7151
1495	6.71074
1496	6.69921
1497	6.68817
1498	6.68191
1499	6.67398
1500	6.66837
1501	6.66725
1502	6.67909
1503	6.68306
1504	6.68395
1505	6.6894
1506	6.6988
1507	6.70508
1508	6.72043
1509	6.73649
1510	6.74666
1511	6.75948
1512	6.77052
1513	6.78177
1514	6.78633
1515	6.78399
1516	6.77785
1517	6.76616
1518	6.7625
1519	6.76271
1520	6.76568
1521	6.76524
1522	6.76797
1523	6.76758
1524	6.77734
1525	6.79252
1526	6.80614
1527	6.81977
1528	6.82706
1529	6.81394
1530	6.80089
1531	6.78459
1532	6.76888
1533	6.75611
1534	6.747
1535	6.74455
1536	6.74402
1537	6.74593
1538	6.75708
1539	6.74881
1540	6.75962
1541	6.75019
1542	6.74669
1543	6.75182
1544	6.75722
1545	6.75422
1546	6.75116
1547	6.74552
1548	6.74552
1549	6.7575
1550	6.75506
1551	6.74079
1552	6.72493
1553	6.71382
1554	6.71139
1555	6.7118
1556	6.70928
1557	6.70993
1558	6.70941
1559	6.71099
1560	6.71097
1561	6.70509
1562	6.68991
1563	6.68933
1564	6.68188
1565	6.67297
1566	6.67357
1567	6.67031
1568	6.66859
1569	6.67166
1570	6.66333
1571	6.66029
1572	6.65615
1573	6.65511
1574	6.66024
1575	6.66831
1576	6.67086
1577	6.66626
1578	6.67294
1579	6.68491
1580	6.69431
1581	6.7082
1582	6.71921
1583	6.72037
1584	6.718
1585	6.71767
1586	6.71856
1587	6.71841
1588	6.71871
1589	6.73243
1590	6.72474
1591	6.71527
1592	6.71591
1593	6.71574
1594	6.71581
1595	6.70113
1596	6.69438
1597	6.69498
1598	6.69946
1599	6.69524
1600	6.69253
1601	6.69952
1602	6.69074
1603	6.69015
1604	6.69041
1605	6.68345
1606	6.68242
1607	6.67128
1608	6.67005
1609	6.6726
1610	6.67783
1611	6.6785
1612	6.67715
1613	6.68124
1614	6.69252
1615	6.69292
1616	6.69806
1617	6.70885
1618	6.71365
1619	6.7132
1620	6.70966
1621	6.70723
1622	6.69864
1623	6.69862
1624	6.6888
1625	6.67483
1626	6.67125
1627	6.66864
1628	6.67786
1629	6.68765
1630	6.69735
1631	6.70112
1632	6.7032
1633	6.699
1634	6.69847
1635	6.70391
1636	6.70332
1637	6.70197
1638	6.69089
1639	6.69305
1640	6.68486
1641	6.68049
1642	6.6829
1643	6.67084
1644	6.66327
1645	6.66543
1646	6.66439
1647	6.68117
1648	6.68757
1649	6.67213
1650	6.66447
1651	6.67842
1652	6.68408
1653	6.68522
1654	6.68491
1655	6.6842
1656	6.68564
1657	6.68524
1658	6.68803
1659	6.69278
1660	6.69179
1661	6.68969
1662	6.69023
1663	6.67542
1664	6.67171
1665	6.67388
1666	6.67093
1667	6.67101
1668	6.65739
1669	6.64387
1670	6.63645
1671	6.62172
1672	6.6067
1673	6.5944
1674	6.57845
1675	6.56245
1676	6.54472
1677	6.55061
1678	6.55241
1679	6.54105
1680	6.5327
1681	6.52724
1682	6.52216
1683	6.52077
1684	6.52255
1685	6.52163
1686	6.52085
1687	6.52291
1688	6.52226
1689	6.50989
1690	6.51146
1691	6.5123
1692	6.51118
1693	6.51186
1694	6.51046
1695	6.51182
1696	6.51202
1697	6.51289
1698	6.50655
1699	6.50779
1700	6.51029
1701	6.50432
1702	6.50296
1703	6.49894
1704	6.50714
1705	6.50969
1706	6.50136
1707	6.5013
1708	6.48662
1709	6.46879
1710	6.45378
1711	6.4408
1712	6.43775
1713	6.42358
1714	6.40825
1715	6.39697
1716	6.38725
1717	6.37699
1718	6.37159
1719	6.38098
1720	6.39571
1721	6.40175
1722	6.40752
1723	6.42101
1724	6.42583
1725	6.43592
1726	6.43687
1727	6.44512
1728	6.44556
1729	6.44374
1730	6.44555
1731	6.45288
1732	6.46041
1733	6.47365
1734	6.48467
1735	6.49392
1736	6.50721
1737	6.51932
1738	6.52992
1739	6.53994
1740	6.55211
1741	6.56698
1742	6.58135
1743	6.58975
1744	6.59528
1745	6.60607
1746	6.62114
1747	6.62097
1748	6.63036
1749	6.64048
1750	6.65493
1751	6.6536
1752	6.65758
1753	6.66893
1754	6.68274
1755	6.6916
1756	6.70282
1757	6.71696
1758	6.72697
1759	6.73226
1760	6.74778
1761	6.76356
1762	6.77198
1763	6.78501
1764	6.796
1765	6.79203
1766	6.79285
1767	6.79405
1768	6.79498
1769	6.79264
1770	6.79351
1771	6.79454
1772	6.79478
1773	6.79124
1774	6.79062
1775	6.78993
1776	6.80496
1777	6.80111
1778	6.79463
1779	6.79393
1780	6.80384
1781	6.79545
1782	6.78963
1783	6.79099
1784	6.79184
1785	6.79325
1786	6.80581
1787	6.82261
1788	6.84004
1789	6.84867
1790	6.85243
1791	6.86349
1792	6.87936
1793	6.88684
1794	6.8983
1795	6.91015
1796	6.92942
1797	6.9405
1798	6.94158
1799	6.95411
1800	6.95378
1801	6.9525
1802	6.95634
1803	6.95552
1804	6.9447
1805	6.95103
1806	6.95132
1807	6.94696
1808	6.96239
1809	6.97298
1810	6.97212
1811	6.98593
1812	6.98473
1813	6.98292
1814	6.98102
1815	6.98034
1816	6.97986
1817	6.98208
1818	6.98936
1819	6.98208
1820	6.9664
1821	6.96025
1822	6.96232
1823	6.96762
1824	6.97174
1825	6.96186
1826	6.95026
1827	6.92901
1828	6.91067
1829	6.89778
1830	6.8834
1831	6.86836
1832	6.85595
1833	6.84064
1834	6.82628
1835	6.80993
1836	6.79591
1837	6.7833
1838	6.77215
1839	6.75419
1840	6.74082
1841	6.72446
1842	6.71422
1843	6.70626
1844	6.70025
1845	6.69409
1846	6.68011
1847	6.67202
1848	6.66099
1849	6.65085
1850	6.63552
1851	6.62326
1852	6.61312
1853	6.60092
1854	6.586
1855	6.57803
1856	6.56996
1857	6.56237
1858	6.54965
1859	6.55263
1860	6.54337
1861	6.53026
1862	6.52274
1863	6.51061
1864	6.49967
1865	6.50331
1866	6.50263
1867	6.50119
1868	6.50046
1869	6.50103
1870	6.50119
1871	6.50211
1872	6.50305
1873	6.50391
1874	6.50474
1875	6.50528
1876	6.49191
1877	6.48156
1878	6.47752
1879	6.47929
1880	6.4821
1881	6.48599
1882	6.49781
1883	6.49839
1884	6.49656
1885	6.49667
1886	6.48631
1887	6.46911
1888	6.45444
1889	6.44638
1890	6.43775
1891	6.42789
1892	6.41551
1893	6.40904
1894	6.39897
1895	6.38932
1896	6.37423
1897	6.36509
1898	6.36589
1899	6.36882
1900	6.37622
1901	6.37686
1902	6.37213
1903	6.37242
1904	6.37161
1905	6.36459
1906	6.364
1907	6.36334
1908	6.35049
1909	6.34277
1910	6.34405
1911	6.33237
1912	6.3277
1913	6.32945
1914	6.32949
1915	6.32962
1916	6.32964
1917	6.32755
1918	6.31531
1919	6.30859
1920	6.30663
1921	6.30783
1922	6.29888
1923	6.2822
1924	6.28625
1925	6.2881
1926	6.28879
1927	6.28986
1928	6.29167
1929	6.29156
1930	6.29347
1931	6.2949
1932	6.29522
1933	6.29655
1934	6.29556
1935	6.29527
1936	6.29493
1937	6.29596
1938	6.30474
1939	6.31815
1940	6.32263
1941	6.32357
1942	6.31844
1943	6.316
1944	6.317
1945	6.31251
1946	6.31086
1947	6.30474
1948	6.2992
1949	6.30046
1950	6.30129
1951	6.30191
1952	6.30207
1953	6.30243
1954	6.30415
1955	6.30358
1956	6.30115
1957	6.29295
1958	6.2939
1959	6.28619
1960	6.28097
1961	6.28015
1962	6.29087
1963	6.3074
1964	6.31767
1965	6.31861
1966	6.31981
1967	6.32135
1968	6.32081
1969	6.33404
1970	6.34663
1971	6.36177
1972	6.37769
1973	6.39558
1974	6.40892
1975	6.41925
1976	6.42356
1977	6.42526
1978	6.44186
1979	6.45328
1980	6.45118
1981	6.46375
1982	6.46466
1983	6.47703
1984	6.49357
1985	6.50996
1986	6.52325
1987	6.53844
1988	6.55619
1989	6.57431
1990	6.58538
1991	6.60076
1992	6.61573
1993	6.62334
1994	6.62484
1995	6.62627
1996	6.63183
1997	6.6403
1998	6.65025
1999	6.65299
2000	6.66089
2001	6.67902
2002	6.69202
2003	6.69478
2004	6.70378
2005	6.7114
2006	6.71138
2007	6.71932
2008	6.71976
2009	6.73288
2010	6.73536
2011	6.73631
2012	6.73751
2013	6.73686
2014	6.73946
2015	6.7382
2016	6.73785
2017	6.73874
2018	6.73769
2019	6.74833
2020	6.75091
2021	6.75523
2022	6.75779
2023	6.75874
2024	6.74465
2025	6.74018
2026	6.73884
2027	6.73775
2028	6.73614
2029	6.74919
2030	6.76353
2031	6.76883
2032	6.76926
2033	6.7674
2034	6.76915
2035	6.76854
2036	6.7675
2037	6.76589
2038	6.75549
2039	6.74205
2040	6.73675
2041	6.7354
2042	6.74042
2043	6.74488
2044	6.74419
2045	6.74516
2046	6.74842
2047	6.74945
2048	6.75938
2049	6.77604
2050	6.79207
2051	6.79981
2052	6.8194
2053	6.83542
2054	6.84886
2055	6.8633
2056	6.87705
2057	6.89245
2058	6.91051
2059	6.92506
2060	6.94408
2061	6.96606
2062	6.9669
2063	6.95993
2064	6.96129
2065	6.97876
2066	6.99099
2067	7.00842
2068	7.01918
2069	7.00371
2070	6.98979
2071	6.98524
2072	6.98482
2073	6.97652
2074	6.98068
2075	6.9829
2076	6.99753
2077	7.0094
2078	6.98872
2079	6.97479
2080	6.96346
2081	6.95911
2082	6.94871
2083	6.93197
2084	6.91427
2085	6.89568
2086	6.88022
2087	6.8631
2088	6.84261
2089	6.82279
2090	6.81017
2091	6.79417
2092	6.77787
2093	6.76896
2094	6.76637
2095	6.76465
2096	6.75694
2097	6.74683
2098	6.73563
2099	6.71722
2100	6.69961
2101	6.68539
2102	6.67493
2103	6.67161
2104	6.66283
2105	6.65499
2106	6.66501
2107	6.67278
2108	6.67278
2109	6.65867
2110	6.65581
2111	6.65565
2112	6.65423
2113	6.65414
2114	6.65302
2115	6.65353
2116	6.65203
2117	6.6498
2118	6.65049
2119	6.63832
2120	6.63747
2121	6.63194
2122	6.63085
2123	6.62911
2124	6.62767
2125	6.62681
2126	6.62647
2127	6.62758
2128	6.63377
2129	6.62497
2130	6.61822
2131	6.61753
2132	6.63298
2133	6.65145
2134	6.66372
2135	6.67346
2136	6.68148
2137	6.69745
2138	6.70651
2139	6.72406
2140	6.74417
2141	6.75799
2142	6.76842
2143	6.77662
2144	6.78345
2145	6.79423
2146	6.80745
2147	6.8155
2148	6.82171
2149	6.81876
2150	6.81518
2151	6.81753
2152	6.81125
2153	6.80813
2154	6.80452
2155	6.79084
2156	6.77645
2157	6.76452
2158	6.74564
2159	6.72751
2160	6.71078
2161	6.69188
2162	6.67914
2163	6.66651
2164	6.65516
2165	6.63579
2166	6.6238
2167	6.60731
2168	6.59784
2169	6.59762
2170	6.5956
2171	6.58166
2172	6.5633
2173	6.55275
2174	6.535
2175	6.52244
2176	6.50476
2177	6.49367
2178	6.49623
2179	6.49517
2180	6.49665
2181	6.48348
2182	6.47992
2183	6.48035
2184	6.48086
2185	6.49292
2186	6.49525
2187	6.49478
2188	6.49554
2189	6.49597
2190	6.49668
2191	6.49673
2192	6.49662
2193	6.49618
2194	6.50126
2195	6.50803
2196	6.52116
2197	6.53868
2198	6.5559
2199	6.57574
2200	6.5941
2201	6.60901
2202	6.6252
2203	6.64487
2204	6.66385
2205	6.6841
2206	6.69456
2207	6.69799
2208	6.71473
2209	6.73404
2210	6.75449
2211	6.76699
2212	6.76997
2213	6.77074
2214	6.77097
2215	6.77058
2216	6.77377
2217	6.77741
2218	6.78973
2219	6.80833
2220	6.82501
2221	6.84688
2222	6.86423
2223	6.88185
2224	6.90076
2225	6.91081
2226	6.9184
2227	6.93419
2228	6.93278
2229	6.92806
2230	6.91984
2231	6.92882
2232	6.92305
2233	6.91324
2234	6.91037
2235	6.90978
2236	6.91014
2237	6.90343
2238	6.9051
2239	6.9066
2240	6.90384
2241	6.9094
2242	6.91286
2243	6.92247
2244	6.92656
2245	6.91534
2246	6.89768
2247	6.88806
2248	6.87198
2249	6.87377
2250	6.87395
2251	6.87889
2252	6.88357
2253	6.89015
2254	6.89803
2255	6.91649
2256	6.93032
2257	6.9398
2258	6.96008
2259	6.97209
2260	6.9833
2261	7.00357
2262	7.0205
2263	7.03693
2264	7.05145
2265	7.07087
2266	7.09011
2267	7.11031
2268	7.13282
2269	7.15359
2270	7.17319
2271	7.18625
2272	7.2057
2273	7.21777
2274	7.22619
2275	7.23245
2276	7.24715
2277	7.25569
2278	7.26783
2279	7.27363
2280	7.27188
2281	7.27129
2282	7.2704
2283	7.26966
2284	7.26981
2285	7.26335
2286	7.26079
2287	7.26109
2288	7.25965
2289	7.2592
2290	7.25823
2291	7.2661
2292	7.26729
2293	7.2727
2294	7.26789
2295	7.25823
2296	7.24316
2297	7.22289
2298	7.2042
2299	7.19792
2300	7.18386
2301	7.16202
2302	7.14147
2303	7.11872
2304	7.11467
2305	7.09845
2306	7.0763
2307	7.05429
2308	7.03463
2309	7.01365
2310	6.99157
2311	6.97709
2312	6.98977
2313	6.99438
2314	6.99512
2315	6.99527
2316	6.99041
2317	6.99819
2318	6.98657
2319	6.96783
2320	6.94869
2321	6.92778
2322	6.91017
2323	6.89431
2324	6.87748
2325	6.86677
2326	6.87352
2327	6.86778
2328	6.8735
2329	6.88521
2330	6.90027
2331	6.90545
2332	6.91348
2333	6.92491
2334	6.91426
2335	6.90552
2336	6.90596
2337	6.90503
2338	6.89365
2339	6.88249
2340	6.86517
2341	6.84596
2342	6.83713
2343	6.83382
2344	6.84305
2345	6.85306
2346	6.85652
2347	6.85924
2348	6.85773
2349	6.84075
2350	6.82791
2351	6.81537
2352	6.79669
2353	6.77914
2354	6.77273
2355	6.75855
2356	6.74587
2357	6.74271
2358	6.72471
2359	6.71955
2360	6.70926
2361	6.68876
2362	6.68599
2363	6.68458
2364	6.67701
2365	6.67396
2366	6.66558
2367	6.65012
2368	6.63908
2369	6.62908
2370	6.62407
2371	6.61962
2372	6.6032
2373	6.5913
2374	6.58353
2375	6.57742
2376	6.57762
2377	6.57663
2378	6.57711
2379	6.59046
2380	6.59963
2381	6.61587
2382	6.62541
2383	6.62493
2384	6.63231
2385	6.63501
2386	6.63472
2387	6.63407
2388	6.63536
2389	6.63521
2390	6.63479
2391	6.62688
2392	6.63442
2393	6.64254
2394	6.64625
2395	6.64665
2396	6.64697
2397	6.64639
2398	6.65788
2399	6.64546
2400	6.63819
2401	6.63704
2402	6.6357
2403	6.64778
2404	6.64837
2405	6.6525
2406	6.66274
2407	6.67754
2408	6.69467
2409	6.71229
2410	6.72947
2411	6.74111
2412	6.73688
2413	6.74357
2414	6.75588
2415	6.77626
2416	6.79841
2417	6.80733
2418	6.82228
2419	6.83824
2420	6.85606
2421	6.86411
2422	6.86472
2423	6.86352
2424	6.87513
2425	6.88454
2426	6.89052
2427	6.88999
2428	6.8912
2429	6.88075
2430	6.86859
2431	6.86483
2432	6.86672
2433	6.85841
2434	6.85924
2435	6.87063
2436	6.86751
2437	6.85771
2438	6.87665
2439	6.88711
2440	6.90066
2441	6.9144
2442	6.9212
2443	6.91356
2444	6.90542
2445	6.90725
2446	6.9148
2447	6.91036
2448	6.91263
2449	6.931
2450	6.94099
2451	6.95449
2452	6.96039
2453	6.95857
2454	6.95473
2455	6.97081
2456	6.97924
2457	6.98697
2458	7.0071
2459	7.02082
2460	7.03131
2461	7.05006
2462	7.04555
2463	7.0468
2464	7.05213
2465	7.04549
2466	7.04828
2467	7.05821
2468	7.06403
2469	7.06541
2470	7.06362
2471	7.07718
2472	7.09785
2473	7.11409
2474	7.13069
2475	7.14577
2476	7.14426
2477	7.15376
2478	7.15463
2479	7.14988
2480	7.15112
2481	7.14873
2482	7.15369
2483	7.16944
2484	7.18011
2485	7.1892
2486	7.20071
2487	7.21736
2488	7.2372
2489	7.25652
2490	7.27071
2491	7.28325
2492	7.28247
2493	7.26845
2494	7.26954
2495	7.2733
2496	7.28817
2497	7.29712
2498	7.28741
2499	7.29606
2500	7.32099
2501	7.33622
2502	7.34497
2503	7.349
2504	7.3439
2505	7.34462
2506	7.34464
2507	7.34978
2508	7.34483
2509	7.3385
2510	7.33258
2511	7.33063
2512	7.31943
2513	7.31552
2514	7.31641
2515	7.31164
2516	7.30526
2517	7.29992
2518	7.29145
2519	7.291
2520	7.28586
2521	7.2949
2522	7.31455
2523	7.33544
2524	7.34346
2525	7.35038
2526	7.3493
2527	7.35153
2528	7.34249
2529	7.36364
2530	7.38455
2531	7.38571
2532	7.38205
2533	7.37818
2534	7.38558
2535	7.39353
2536	7.40623
2537	7.42976
2538	7.42811
2539	7.4273
2540	7.43225
2541	7.44079
2542	7.44339
2543	7.45201
2544	7.45895
2545	7.45767
2546	7.45963
2547	7.47902
2548	7.49798
2549	7.48838
2550	7.4819
2551	7.48183
2552	7.49103
2553	7.49552
2554	7.50265
2555	7.48552
2556	7.48287
2557	7.48643
2558	7.47868
2559	7.4559
2560	7.44123
2561	7.42154
2562	7.41824
2563	7.41808
2564	7.42013
2565	7.4203
2566	7.41974
2567	7.4277
2568	7.42614
2569	7.41988
2570	7.42327
2571	7.40675
2572	7.39611
2573	7.37906
2574	7.37781
2575	7.38406
2576	7.38295
2577	7.37941
2578	7.37297
2579	7.35598
2580	7.34218
2581	7.33923
2582	7.32548
2583	7.31068
2584	7.30643
2585	7.29074
2586	7.29157
2587	7.285
2588	7.28351
2589	7.28175
2590	7.28432
2591	7.28398
2592	7.29269
2593	7.30363
2594	7.31292
2595	7.33178
2596	7.3352
2597	7.33481
2598	7.32903
2599	7.31694
2600	7.29245
2601	7.2775
2602	7.26881
2603	7.2517
2604	7.23883
2605	7.22568
2606	7.21409
2607	7.19297
2608	7.17807
2609	7.1802
2610	7.17491
2611	7.1638
2612	7.16363
2613	7.15422
2614	7.14003
2615	7.12303
2616	7.10732
2617	7.09114
2618	7.0803
2619	7.06454
2620	7.05153
2621	7.03619
2622	7.01839
2623	7.00051
2624	6.98026
2625	6.96583
2626	6.94665
2627	6.93499
2628	6.93096
2629	6.91065
2630	6.88883
2631	6.87171
2632	6.85396
2633	6.84359
2634	6.8358
2635	6.81638
2636	6.80056
2637	6.78048
2638	6.76237
2639	6.74427
2640	6.74046
2641	6.72552
2642	6.70623
2643	6.6972
2644	6.68554
2645	6.68574
2646	6.67485
2647	6.66016
2648	6.64617
2649	6.6376
2650	6.635
2651	6.6266
2652	6.61491
2653	6.61151
2654	6.59874
2655	6.59342
2656	6.5879
2657	6.57262
2658	6.55978
2659	6.55875
2660	6.55943
2661	6.55839
2662	6.55148
2663	6.53705
2664	6.52496
2665	6.51659
2666	6.50653
2667	6.49208
2668	6.48172
2669	6.47703
2670	6.46511
2671	6.46053
2672	6.45138
2673	6.45191
2674	6.44644
2675	6.43479
2676	6.42946
2677	6.42966
2678	6.42714
2679	6.44106
2680	6.4604
2681	6.45937
2682	6.46937
2683	6.48407
2684	6.48551
2685	6.49757
2686	6.49674
2687	6.48863
2688	6.47369
2689	6.47491
2690	6.46625
2691	6.46251
2692	6.44693
2693	6.43695
2694	6.4236
2695	6.40676
2696	6.40874
2697	6.41143
2698	6.41362
2699	6.4306
2700	6.44545
2701	6.46188
2702	6.47091
2703	6.47908
2704	6.47877
2705	6.47909
2706	6.49219
2707	6.49884
2708	6.5009
2709	6.48833
2710	6.48152
2711	6.48206
2712	6.48372
2713	6.48397
2714	6.48382
2715	6.48188
2716	6.48303
2717	6.48386
2718	6.48425
2719	6.48453
2720	6.48323
2721	6.48086
2722	6.47996
2723	6.47866
2724	6.47882
2725	6.49123
2726	6.4974
2727	6.5052
2728	6.50583
2729	6.51086
2730	6.51067
2731	6.51003
2732	6.51055
2733	6.512
2734	6.51187
2735	6.51476
2736	6.51783
2737	6.51912
2738	6.52096
2739	6.53414
2740	6.52712
2741	6.52165
2742	6.52177
2743	6.51671
2744	6.51077
2745	6.50076
2746	6.50145
2747	6.50222
2748	6.50053
2749	6.49981
2750	6.49704
2751	6.4898
2752	6.48803
2753	6.48773
2754	6.4887
2755	6.48842
2756	6.48664
2757	6.48641
2758	6.4853
2759	6.48614
2760	6.48647
2761	6.48709
2762	6.48814
2763	6.49198
2764	6.49203
2765	6.49114
2766	6.48958
2767	6.48645
2768	6.48562
2769	6.48617
2770	6.48559
2771	6.48555
2772	6.48624
2773	6.48586
2774	6.47904
2775	6.4735
2776	6.47578
2777	6.4751
2778	6.47524
2779	6.47393
2780	6.46874
2781	6.46649
2782	6.45684
2783	6.44855
2784	6.44658
2785	6.4357
2786	6.42687
2787	6.43872
2788	6.44273
2789	6.42725
2790	6.42246
2791	6.41616
2792	6.41648
2793	6.41684
2794	6.41801
2795	6.41702
2796	6.40049
2797	6.39666
2798	6.39722
2799	6.38127
2800	6.3655
2801	6.3552
2802	6.34703
2803	6.33729
2804	6.33642
2805	6.345
2806	6.34383
2807	6.34509
2808	6.34418
2809	6.34358
2810	6.34288
2811	6.34149
2812	6.33955
2813	6.33996
2814	6.33897
2815	6.33956
2816	6.33733
2817	6.33712
2818	6.33638
2819	6.33846
2820	6.3401
2821	6.34084
2822	6.3415
2823	6.3426
2824	6.34283
2825	6.33116
2826	6.32511
2827	6.31699
2828	6.31656
2829	6.31302
2830	6.31327
2831	6.31675
2832	6.31594
2833	6.32721
2834	6.3344
2835	6.33989
2836	6.34387
2837	6.34321
2838	6.34619
2839	6.33861
2840	6.34239
2841	6.35593
2842	6.36329
2843	6.36859
2844	6.38014
2845	6.39496
2846	6.40917
2847	6.42144
2848	6.43327
2849	6.44799
2850	6.45972
2851	6.47568
2852	6.48289
2853	6.48985
2854	6.48959
2855	6.49306
2856	6.49429
2857	6.4945
2858	6.49595
2859	6.50037
2860	6.5041
2861	6.5044
2862	6.50339
2863	6.50902
2864	6.51575
2865	6.51764
2866	6.51902
2867	6.52003
2868	6.52035
2869	6.51968
2870	6.53543
2871	6.54689
2872	6.56026
2873	6.56512
2874	6.56411
2875	6.57057
2876	6.57532
2877	6.56838
2878	6.56888
2879	6.55508
2880	6.53902
2881	6.53164
2882	6.52874
2883	6.51955
2884	6.5045
2885	6.49717
2886	6.49708
2887	6.48604
2888	6.48313
2889	6.48331
2890	6.48462
2891	6.48683
2892	6.49509
2893	6.50803
2894	6.51863
2895	6.53103
2896	6.54308
2897	6.54668
2898	6.54269
2899	6.54466
2900	6.55928
2901	6.55974
2902	6.56613
2903	6.57892
2904	6.59318
2905	6.60281
2906	6.60653
2907	6.6063
2908	6.60862
2909	6.62529
2910	6.64299
2911	6.66192
2912	6.67282
2913	6.67848
2914	6.67834
2915	6.67958
2916	6.69381
2917	6.7116
2918	6.7134
2919	6.71071
2920	6.70973
2921	6.70884
2922	6.70907
2923	6.70813
2924	6.70784
2925	6.70909
2926	6.71765
2927	6.72834
2928	6.73417
2929	6.74317
2930	6.74583
2931	6.74172
2932	6.74882
2933	6.7361
2934	6.72856
2935	6.72013
2936	6.72649
2937	6.73371
2938	6.74305
2939	6.74404
2940	6.73429
2941	6.71973
2942	6.71195
2943	6.70439
2944	6.6915
2945	6.67487
2946	6.66588
2947	6.65629
2948	6.64394
2949	6.62875
2950	6.61614
2951	6.59761
2952	6.59254
2953	6.58496
2954	6.58484
2955	6.58164
2956	6.5811
2957	6.58182
2958	6.58196
2959	6.58869
2960	6.58595
2961	6.58527
2962	6.58758
2963	6.59603
2964	6.60532
2965	6.6231
2966	6.63964
2967	6.64642
2968	6.66268
2969	6.67782
2970	6.6818
2971	6.68937
2972	6.69448
2973	6.7075
2974	6.72817
2975	6.74226
2976	6.74894
2977	6.76399
2978	6.77896
2979	6.79048
2980	6.79564
2981	6.79713
2982	6.79778
2983	6.80726
2984	6.81618
2985	6.82467
2986	6.83531
2987	6.85086
2988	6.84926
2989	6.8503
2990	6.85163
2991	6.86269
2992	6.87291
2993	6.87855
2994	6.88551
2995	6.88361
2996	6.8688
2997	6.8603
2998	6.8608
2999	6.86031
3000	6.84594
3001	6.84786
3002	6.85315
3003	6.85626
3004	6.85622
3005	6.84965
3006	6.84468
3007	6.84825
3008	6.85763
3009	6.842
3010	6.8373
3011	6.82304
3012	6.82188
3013	6.83589
3014	6.8546
3015	6.87176
3016	6.87688
3017	6.87623
3018	6.89555
3019	6.90951
3020	6.92637
3021	6.94099
3022	6.95306
3023	6.97207
3024	6.99297
3025	6.99773
3026	6.99087
3027	6.99497
3028	7.00325
3029	7.00781
3030	7.00786
3031	7.00998
3032	7.00871
3033	7.00829
3034	7.00961
3035	7.0227
3036	7.01439
3037	7.00667
3038	6.99205
3039	7.00175
3040	7.00494
3041	7.02419
3042	7.04388
3043	7.06497
3044	7.08723
3045	7.09904
3046	7.09139
3047	7.08697
3048	7.10392
3049	7.12387
3050	7.142
3051	7.16702
3052	7.18415
3053	7.20779
3054	7.22727
3055	7.23884
3056	7.2498
3057	7.26088
3058	7.27231
3059	7.26021
3060	7.27061
3061	7.28785
3062	7.29057
3063	7.28029
3064	7.26796
3065	7.26248
3066	7.25881
3067	7.25299
3068	7.24815
3069	7.23204
3070	7.21077
3071	7.20427
3072	7.19802
3073	7.18816
3074	7.18077
3075	7.178
3076	7.17898
3077	7.1568
3078	7.13566
3079	7.12343
3080	7.12172
3081	7.11978
3082	7.12022
3083	7.11387
3084	7.10745
3085	7.09963
3086	7.08944
3087	7.07258
3088	7.07335
3089	7.07225
3090	7.06856
3091	7.05595
3092	7.05511
3093	7.04601
3094	7.02597
3095	7.01427
3096	7.01348
3097	7.01214
3098	7.01281
3099	7.01141
3100	7.01172
3101	7.01753
3102	7.01147
3103	6.99599
3104	6.98036
3105	6.96734
3106	6.97019
3107	6.96514
3108	6.95144
3109	6.94912
3110	6.93523
3111	6.93051
3112	6.92162
3113	6.90043
3114	6.8815
3115	6.86334
3116	6.84592
3117	6.82721
3118	6.80773
3119	6.79436
3120	6.77948
3121	6.76617
3122	6.75384
3123	6.73795
3124	6.71873
3125	6.72377
3126	6.72222
3127	6.70832
3128	6.69398
3129	6.68121
3130	6.68028
3131	6.67941
3132	6.68813
3133	6.6939
3134	6.70353
3135	6.70466
3136	6.71673
3137	6.73338
3138	6.7466
3139	6.7386
3140	6.73551
3141	6.73089
3142	6.72708
3143	6.7136
3144	6.695
3145	6.68549
3146	6.68485
3147	6.68428
3148	6.6691
3149	6.65938
3150	6.66346
3151	6.66235
3152	6.66499
3153	6.66157
3154	6.6581
3155	6.66064
3156	6.66173
3157	6.66545
3158	6.66615
3159	6.67302
3160	6.66723
3161	6.65244
3162	6.64726
3163	6.63921
3164	6.64052
3165	6.63673
3166	6.63565
3167	6.64731
3168	6.64982
3169	6.6658
3170	6.68222
3171	6.68696
3172	6.68136
3173	6.67755
3174	6.6805
3175	6.67912
3176	6.6766
3177	6.6939
3178	6.71342
3179	6.72849
3180	6.74173
3181	6.75512
3182	6.7659
3183	6.77423
3184	6.78564
3185	6.80498
3186	6.81336
3187	6.81363
3188	6.81212
3189	6.81318
3190	6.81419
3191	6.82297
3192	6.81571
3193	6.8026
3194	6.80249
3195	6.81646
3196	6.83333
3197	6.84625
3198	6.84691
3199	6.84443
3200	6.84168
3201	6.82858
3202	6.8393
3203	6.84764
3204	6.84791
3205	6.84841
3206	6.83261
3207	6.82318
3208	6.83346
3209	6.83488
3210	6.83518
3211	6.83635
3212	6.84989
3213	6.85691
3214	6.85748
3215	6.85899
3216	6.85776
3217	6.87426
3218	6.88778
3219	6.90092
3220	6.9142
3221	6.92379
3222	6.92981
3223	6.93918
3224	6.95593
3225	6.9571
3226	6.96087
3227	6.96143
3228	6.96139
3229	6.97625
3230	6.9809
3231	6.98181
3232	6.9661
3233	6.95985
3234	6.94946
3235	6.93536
3236	6.91402
3237	6.89689
3238	6.88389
3239	6.8814
3240	6.89173
3241	6.89005
3242	6.87905
3243	6.87409
3244	6.87446
3245	6.87683
3246	6.88737
3247	6.8946
3248	6.9034
3249	6.90195
3250	6.89671
3251	6.8951
3252	6.89333
3253	6.8897
3254	6.88911
3255	6.89587
3256	6.90292
3257	6.89996
3258	6.90531
3259	6.91182
3260	6.92349
3261	6.94144
3262	6.95696
3263	6.96931
3264	6.97101
3265	6.96933
3266	6.96025
3267	6.95443
3268	6.95042
3269	6.94436
3270	6.93598
3271	6.92653
3272	6.93318
3273	6.94403
3274	6.94411
3275	6.93809
3276	6.92028
3277	6.9012
3278	6.88172
3279	6.8716
3280	6.86905
3281	6.86529
3282	6.86354
3283	6.85864
3284	6.84689
3285	6.83291
3286	6.8411
3287	6.85219
3288	6.8684
3289	6.87536
3290	6.87609
3291	6.87637
3292	6.8656
3293	6.86893
3294	6.86932
3295	6.85367
3296	6.83612
3297	6.82402
3298	6.82352
3299	6.82523
3300	6.82854
3301	6.82755
3302	6.81035
3303	6.80103
3304	6.8017
3305	6.80422
3306	6.80659
3307	6.82389
3308	6.8296
3309	6.8487
3310	6.84745
3311	6.84732
3312	6.83198
3313	6.82305
3314	6.82421
3315	6.82268
3316	6.82321
3317	6.80628
3318	6.79165
3319	6.77831
3320	6.77035
3321	6.7643
3322	6.76472
3323	6.76781
3324	6.76348
3325	6.75745
3326	6.76622
3327	6.77615
3328	6.78266
3329	6.77149
3330	6.77396
3331	6.7776
3332	6.77857
3333	6.77871
3334	6.7781
3335	6.77743
3336	6.77964
3337	6.77918
3338	6.77942
3339	6.77485
3340	6.76361
3341	6.75898
3342	6.76952
3343	6.78573
3344	6.80164
3345	6.81653
3346	6.82105
3347	6.82954
3348	6.83322
3349	6.84186
3350	6.84767
3351	6.84217
3352	6.83689
3353	6.83772
3354	6.83598
3355	6.83299
3356	6.82647
3357	6.82658
3358	6.82495
3359	6.82289
3360	6.82373
3361	6.8187
3362	6.8051
3363	6.79391
3364	6.78519
3365	6.77606
3366	6.77843
3367	6.76761
3368	6.75525
3369	6.74278
3370	6.73281
3371	6.72231
3372	6.70702
3373	6.69064
3374	6.67465
3375	6.67186
3376	6.67881
3377	6.67914
3378	6.67791
3379	6.67213
3380	6.65984
3381	6.64967
3382	6.64073
3383	6.63588
3384	6.63598
3385	6.64397
3386	6.63048
3387	6.6191
3388	6.60585
3389	6.60355
3390	6.61357
3391	6.60924
3392	6.61048
3393	6.61855
3394	6.63345
3395	6.64378
3396	6.64665
3397	6.64589
3398	6.64545
3399	6.64435
3400	6.64256
3401	6.64311
3402	6.64437
3403	6.66007
3404	6.67234
3405	6.67819
3406	6.68419
3407	6.68744
3408	6.68698
3409	6.68441
3410	6.69936
3411	6.71008
3412	6.72736
3413	6.73636
3414	6.73614
3415	6.73674
3416	6.73548
3417	6.74922
3418	6.76183
3419	6.76993
3420	6.78317
3421	6.79116
3422	6.78773
3423	6.77403
3424	6.76168
3425	6.75577
3426	6.74361
3427	6.73319
3428	6.73309
3429	6.73082
3430	6.72369
3431	6.71898
3432	6.71789
3433	6.72964
3434	6.73547
3435	6.74512
3436	6.74858
3437	6.74852
3438	6.74729
3439	6.7541
3440	6.75919
3441	6.75274
3442	6.73888
3443	6.72948
3444	6.71793
3445	6.70686
3446	6.70166
3447	6.69873
3448	6.69811
3449	6.68862
3450	6.66963
3451	6.65976
3452	6.64747
3453	6.65215
3454	6.65865
3455	6.66163
3456	6.66618
3457	6.66547
3458	6.65125
3459	6.63925
3460	6.62627
3461	6.61818
3462	6.61789
3463	6.61672
3464	6.61581
3465	6.61589
3466	6.60948
3467	6.61245
3468	6.61405
3469	6.61568
3470	6.61327
3471	6.6172
3472	6.62151
3473	6.62392
3474	6.62628
3475	6.62231
3476	6.61608
3477	6.62058
3478	6.62279
3479	6.6293
3480	6.63229
3481	6.63622
3482	6.63619
3483	6.63965
3484	6.63907
3485	6.62516
3486	6.62251
3487	6.62399
3488	6.62408
3489	6.63263
3490	6.63003
3491	6.6429
3492	6.65255
3493	6.66173
3494	6.65614
3495	6.66606
3496	6.68398
3497	6.69183
3498	6.6984
3499	6.71126
3500	6.73135
3501	6.7411
3502	6.74043
3503	6.72721
3504	6.72613
3505	6.72535
3506	6.73301
3507	6.72569
3508	6.71323
3509	6.69655
3510	6.6974
3511	6.70145
3512	6.69513
3513	6.70655
3514	6.71738
3515	6.73232
3516	6.75239
3517	6.75104
3518	6.74946
3519	6.74557
3520	6.72916
3521	6.7189
3522	6.72884
3523	6.73423
3524	6.74889
3525	6.76232
3526	6.77703
3527	6.79011
3528	6.79925
3529	6.81343
3530	6.8189
3531	6.83155
3532	6.84294
3533	6.84845
3534	6.85826
3535	6.87036
3536	6.87542
3537	6.89088
3538	6.90034
3539	6.89221
3540	6.88764
3541	6.88786
3542	6.8861
3543	6.87766
3544	6.8827
3545	6.87851
3546	6.86957
3547	6.85702
3548	6.84458
3549	6.85374
3550	6.86044
3551	6.8661
3552	6.86603
3553	6.84484
3554	6.82681
3555	6.80753
3556	6.79162
3557	6.78018
3558	6.78125
3559	6.77982
3560	6.77787
3561	6.77585
3562	6.78492
3563	6.78679
3564	6.78613
3565	6.7863
3566	6.78638
3567	6.78396
3568	6.79405
3569	6.80365
3570	6.80575
3571	6.8098
3572	6.81544
3573	6.81448
3574	6.82019
3575	6.81532
3576	6.81484
3577	6.8097
3578	6.81667
3579	6.81873
3580	6.82627
3581	6.82229
3582	6.82197
3583	6.82532
3584	6.82621
3585	6.84304
3586	6.86398
3587	6.88315
3588	6.90327
3589	6.89916
3590	6.89089
3591	6.87229
3592	6.87875
3593	6.87455
3594	6.88389
3595	6.88253
3596	6.88413
3597	6.89443
3598	6.90782
3599	6.90591
3600	6.8873
3601	6.87515
3602	6.87523
3603	6.87894
3604	6.86596
3605	6.85427
3606	6.83697
3607	6.82532
3608	6.82155
3609	6.84151
3610	6.83868
3611	6.84055
3612	6.84705
3613	6.84212
3614	6.8412
3615	6.83246
3616	6.82722
3617	6.83532
3618	6.83603
3619	6.85123
3620	6.86496
3621	6.88392
3622	6.8801
3623	6.8941
3624	6.88867
3625	6.87415
3626	6.85881
3627	6.84395
3628	6.84409
3629	6.84152
3630	6.83617
3631	6.83807
3632	6.83072
3633	6.81378
3634	6.79862
3635	6.77541
3636	6.76559
3637	6.75261
3638	6.76303
3639	6.77369
3640	6.77303
3641	6.77261
3642	6.77122
3643	6.77246
3644	6.76194
3645	6.75982
3646	6.75949
3647	6.75857
3648	6.76267
3649	6.74854
3650	6.74579
3651	6.73935
3652	6.7388
3653	6.74059
3654	6.7387
3655	6.73871
3656	6.73982
3657	6.74228
3658	6.73917
3659	6.73838
3660	6.7378
3661	6.73747
3662	6.73134
3663	6.7295
3664	6.73762
3665	6.74029
3666	6.75453
3667	6.77061
3668	6.76817
3669	6.75761
3670	6.75766
3671	6.75005
3672	6.74165
3673	6.74114
3674	6.73355
3675	6.7352
3676	6.73581
3677	6.74537
3678	6.74553
3679	6.74952
3680	6.7552
3681	6.76821
3682	6.77603
3683	6.78206
3684	6.79139
3685	6.78106
3686	6.77125
3687	6.74993
3688	6.72886
3689	6.73138
3690	6.73572
3691	6.73524
3692	6.71847
3693	6.7056
3694	6.69364
3695	6.69059
3696	6.68607
3697	6.67408
3698	6.6563
3699	6.65584
3700	6.67262
3701	6.69331
3702	6.71065
3703	6.72157
3704	6.73907
3705	6.75923
3706	6.78108
3707	6.80023
3708	6.81917
3709	6.80924
3710	6.80035
3711	6.78579
3712	6.78837
3713	6.77414
3714	6.76335
3715	6.75529
3716	6.74154
3717	6.72128
3718	6.70921
3719	6.6936
3720	6.67912
3721	6.6659
3722	6.65755
3723	6.64018
3724	6.63336
3725	6.63479
3726	6.63904
3727	6.64159
3728	6.62576
3729	6.61894
3730	6.62648
3731	6.61649
3732	6.61981
3733	6.62918
3734	6.64331
3735	6.66141
3736	6.68068
3737	6.69475
3738	6.68661
3739	6.68702
3740	6.69677
3741	6.69904
3742	6.70223
3743	6.71528
3744	6.72169
3745	6.72246
3746	6.73467
3747	6.7519
3748	6.7676
3749	6.78097
3750	6.78918
3751	6.79485
3752	6.81478
3753	6.81962
3754	6.82656
3755	6.82917
3756	6.83119
3757	6.83247
3758	6.84664
3759	6.86043
3760	6.8722
3761	6.88191
3762	6.89918
3763	6.91144
3764	6.91579
3765	6.92424
3766	6.92123
3767	6.90805
3768	6.89986
3769	6.90016
3770	6.89918
3771	6.89917
3772	6.89711
3773	6.89621
3774	6.8952
3775	6.89347
3776	6.89105
3777	6.88008
3778	6.86878
3779	6.85537
3780	6.84011
3781	6.82732
3782	6.8179
3783	6.8042
3784	6.79299
3785	6.78813
3786	6.77723
3787	6.77888
3788	6.77942
3789	6.76749
3790	6.76256
3791	6.76308
3792	6.76292
3793	6.76188
3794	6.76191
3795	6.75306
3796	6.75381
3797	6.75569
3798	6.75471
3799	6.74366
3800	6.72457
3801	6.70507
3802	6.68643
3803	6.66913
3804	6.65219
3805	6.64797
3806	6.63198
3807	6.61358
3808	6.59702
3809	6.58657
3810	6.58297
3811	6.57896
3812	6.56688
3813	6.57148
3814	6.57725
3815	6.57964
3816	6.57946
3817	6.57919
3818	6.58019
3819	6.57689
3820	6.57619
3821	6.58072
3822	6.58277
3823	6.58148
3824	6.57947
3825	6.57772
3826	6.57291
3827	6.57042
3828	6.57218
3829	6.58117
3830	6.58685
3831	6.59462
3832	6.6002
3833	6.6019
3834	6.59876
3835	6.58299
3836	6.56521
3837	6.54955
3838	6.54197
3839	6.53221
3840	6.52239
3841	6.52055
3842	6.52593
3843	6.51143
3844	6.50508
3845	6.50281
3846	6.49057
3847	6.47462
3848	6.4555
3849	6.45222
3850	6.44275
3851	6.43809
3852	6.42159
3853	6.41681
3854	6.41174
3855	6.40964
3856	6.40735
3857	6.40509
3858	6.39484
3859	6.38466
3860	6.37547
3861	6.37252
3862	6.35533
3863	6.34665
3864	6.33636
3865	6.32568
3866	6.31571
3867	6.31268
3868	6.31217
3869	6.31148
3870	6.31109
3871	6.31068
3872	6.31149
3873	6.31207
3874	6.31244
3875	6.31369
3876	6.32077
3877	6.32099
3878	6.32236
3879	6.33052
3880	6.33259
3881	6.32987
3882	6.33124
3883	6.3319
3884	6.33146
3885	6.3314
3886	6.33085
3887	6.33116
3888	6.32991
3889	6.32891
3890	6.32986
3891	6.32954
3892	6.34056
3893	6.34
3894	6.33351
3895	6.33034
3896	6.31436
3897	6.30762
3898	6.30746
3899	6.31421
3900	6.31761
3901	6.31773
3902	6.31867
3903	6.31876
3904	6.31891
3905	6.3069
3906	6.30294
3907	6.30159
3908	6.30075
3909	6.30243
3910	6.30269
3911	6.30528
3912	6.29994
3913	6.29612
3914	6.28896
3915	6.28813
3916	6.28627
3917	6.29381
3918	6.29403
3919	6.29542
3920	6.29552
3921	6.28477
3922	6.28219
3923	6.28047
3924	6.27964
3925	6.27913
3926	6.27973
3927	6.28034
3928	6.28032
3929	6.26782
3930	6.25532
3931	6.24466
3932	6.23401
3933	6.22312
3934	6.21339
3935	6.21282
3936	6.21206
3937	6.2141
3938	6.21081
3939	6.21114
3940	6.21409
3941	6.21432
3942	6.20874
3943	6.21152
3944	6.21519
3945	6.21703
3946	6.21737
3947	6.21683
3948	6.21719
3949	6.20782
3950	6.20653
3951	6.21371
3952	6.22612
3953	6.23978
3954	6.24772
3955	6.26119
3956	6.27523
3957	6.28478
3958	6.29577
3959	6.30345
3960	6.30101
3961	6.29399
3962	6.30294
3963	6.30295
3964	6.31355
3965	6.32964
3966	6.33936
3967	6.349
3968	6.35929
3969	6.37042
3970	6.38341
3971	6.39978
3972	6.41544
3973	6.43073
3974	6.44558
3975	6.45961
3976	6.46914
3977	6.47803
3978	6.47792
3979	6.47112
3980	6.46835
3981	6.47073
3982	6.4697
3983	6.48459
3984	6.49918
3985	6.50628
3986	6.51466
3987	6.5245
3988	6.53582
3989	6.54165
3990	6.55454
3991	6.56837
3992	6.56735
3993	6.57702
3994	6.58442
3995	6.58076
3996	6.58316
3997	6.59421
3998	6.61061
3999	6.61934
4000	6.624
4001	6.62625
4002	6.63182
4003	6.64429
4004	6.64979
4005	6.65387
4006	6.66716
4007	6.67394
4008	6.68521
4009	6.70025
4010	6.7125
4011	6.71147
4012	6.71376
4013	6.71755
4014	6.72181
4015	6.72754
4016	6.7345
4017	6.74277
4018	6.75207
4019	6.7523
4020	6.75202
4021	6.75398
4022	6.75361
4023	6.75499
4024	6.75603
4025	6.75721
4026	6.75572
4027	6.75541
4028	6.75406
4029	6.75375
4030	6.76659
4031	6.77001
4032	6.76947
4033	6.77154
4034	6.77131
4035	6.77191
4036	6.77367
4037	6.78182
4038	6.79189
4039	6.80842
4040	6.81728
4041	6.81837
4042	6.81794
4043	6.81581
4044	6.81223
4045	6.81141
4046	6.81244
4047	6.81292
4048	6.8138
4049	6.814
4050	6.81235
4051	6.82202
4052	6.82097
4053	6.81675
4054	6.81331
4055	6.7967
4056	6.78076
4057	6.76777
4058	6.75548
4059	6.74675
4060	6.74888
4061	6.75805
4062	6.74835
4063	6.7456
4064	6.73401
4065	6.71907
4066	6.70781
4067	6.69711
4068	6.686
4069	6.67472
4070	6.65988
4071	6.64191
4072	6.62517
4073	6.60843
4074	6.59219
4075	6.57603
4076	6.56034
4077	6.55571
4078	6.56608
4079	6.56852
4080	6.56986
4081	6.5806
4082	6.59874
4083	6.59741
4084	6.59931
4085	6.60985
4086	6.61342
4087	6.6111
4088	6.61666
4089	6.61411
4090	6.60089
4091	6.58708
4092	6.57543
4093	6.56579
4094	6.55993
4095	6.56173
4096	6.56154
4097	6.55012
4098	6.53409
4099	6.5198
4100	6.51269
4101	6.51021
4102	6.50535
4103	6.49326
4104	6.4876
4105	6.48331
4106	6.47081
4107	6.46626
4108	6.45603
4109	6.44011
4110	6.4262
4111	6.42512
4112	6.42174
4113	6.41781
4114	6.41548
4115	6.41092
4116	6.41552
4117	6.40533
4118	6.39746
4119	6.39714
4120	6.40724
4121	6.42173
4122	6.43802
4123	6.45504
4124	6.46857
4125	6.4785
4126	6.48816
4127	6.50095
4128	6.51687
4129	6.51781
4130	6.50483
4131	6.51367
4132	6.51844
4133	6.51634
4134	6.51727
4135	6.51796
4136	6.51791
4137	6.50934
4138	6.50088
4139	6.48558
4140	6.47305
4141	6.47119
4142	6.4712
4143	6.47154
4144	6.47054
4145	6.47024
4146	6.46987
4147	6.47952
4148	6.48033
4149	6.48173
4150	6.48282
4151	6.4656
4152	6.45198
4153	6.44138
4154	6.43647
4155	6.43747
4156	6.43715
4157	6.43666
4158	6.43427
4159	6.43457
4160	6.43221
4161	6.42755
4162	6.42733
4163	6.42749
4164	6.42884
4165	6.42512
4166	6.42472
4167	6.42578
4168	6.42459
4169	6.4237
4170	6.42546
4171	6.42665
4172	6.42609
4173	6.42645
4174	6.42767
4175	6.42893
4176	6.42863
4177	6.42521
4178	6.41974
4179	6.4167
4180	6.41582
4181	6.40924
4182	6.39396
4183	6.38091
4184	6.36592
4185	6.34893
4186	6.33628
4187	6.32741
4188	6.31445
4189	6.31192
4190	6.31133
4191	6.31238
4192	6.31269
4193	6.3112
4194	6.31102
4195	6.31046
4196	6.31374
4197	6.32329
4198	6.33134
4199	6.34705
4200	6.35528
4201	6.35633
4202	6.35594
4203	6.35712
4204	6.35769
4205	6.37087
4206	6.37542
4207	6.37472
4208	6.37541
4209	6.3847
4210	6.40318
4211	6.41188
4212	6.42804
4213	6.43534
4214	6.43665
4215	6.43626
4216	6.42683
4217	6.42213
4218	6.42189
4219	6.42171
4220	6.41096
4221	6.39601
4222	6.38016
4223	6.36326
4224	6.35073
4225	6.34108
4226	6.33409
4227	6.33767
4228	6.34067
4229	6.35641
4230	6.37427
4231	6.38063
4232	6.39363
4233	6.41173
4234	6.42764
4235	6.44447
4236	6.4608
4237	6.47821
4238	6.49648
4239	6.51594
4240	6.53722
4241	6.55603
4242	6.57475
4243	6.59484
4244	6.61545
4245	6.63475
4246	6.65554
4247	6.66529
4248	6.68421
4249	6.70465
4250	6.72404
4251	6.74372
4252	6.76472
4253	6.7838
4254	6.80317
4255	6.82117
4256	6.84092
4257	6.86143
4258	6.8845
4259	6.90341
4260	6.92733
4261	6.94389
4262	6.96458
4263	6.98681
4264	7.00719
4265	7.03238
4266	7.05576
4267	7.07852
4268	7.10304
4269	7.1184
4270	7.12476
4271	7.1349
4272	7.15512
4273	7.16755
4274	7.18629
4275	7.20863
4276	7.22941
4277	7.25018
4278	7.26664
4279	7.28941
4280	7.31152
4281	7.33039
4282	7.34527
4283	7.36293
4284	7.37978
4285	7.38935
4286	7.4005
4287	7.41198
4288	7.41809
4289	7.43092
4290	7.44379
4291	7.44129
4292	7.4421
4293	7.44466
4294	7.4442
4295	7.44988
4296	7.45109
4297	7.44428
4298	7.43876
4299	7.42246
4300	7.41682
4301	7.41536
4302	7.41559
4303	7.41541
4304	7.41637
4305	7.39904
4306	7.39275
4307	7.39221
4308	7.39372
4309	7.38587
4310	7.36524
4311	7.35406
4312	7.33432
4313	7.34086
4314	7.34265
4315	7.34243
4316	7.34243
4317	7.34404
4318	7.34307
4319	7.34156
4320	7.34072
4321	7.34031
4322	7.34023
4323	7.34188
4324	7.34121
4325	7.34052
4326	7.33831
4327	7.33519
4328	7.31861
4329	7.29568
4330	7.27334
4331	7.24948
4332	7.2262
4333	7.20477
4334	7.18551
4335	7.18325
4336	7.17236
4337	7.15348
4338	7.13399
4339	7.11536
4340	7.09721
4341	7.07826
4342	7.06034
4343	7.04268
4344	7.03854
4345	7.03609
4346	7.02673
4347	7.00537
4348	6.98429
4349	6.96768
4350	6.95219
4351	6.94886
4352	6.93765
4353	6.91972
4354	6.90027
4355	6.88263
4356	6.86534
4357	6.85042
4358	6.83975
4359	6.82146
4360	6.80169
4361	6.78281
4362	6.76317
4363	6.7427
4364	6.72122
4365	6.7003
4366	6.6796
4367	6.65634
4368	6.63679
4369	6.63255
4370	6.63605
4371	6.6278
4372	6.61114
4373	6.60047
4374	6.58181
4375	6.56122
4376	6.54283
4377	6.52537
4378	6.51201
4379	6.49293
4380	6.4755
4381	6.45611
4382	6.44301
4383	6.42978
4384	6.41595
4385	6.40838
4386	6.40204
4387	6.3954
4388	6.38802
4389	6.37887
4390	6.3704
4391	6.371
4392	6.37267
4393	6.37354
4394	6.37299
4395	6.36906
4396	6.36474
4397	6.36085
4398	6.35742
4399	6.35878
4400	6.35474
4401	6.35694
4402	6.3702
4403	6.37841
4404	6.38573
4405	6.3928
4406	6.40124
4407	6.40924
4408	6.40973
4409	6.40797
4410	6.40839
4411	6.40944
4412	6.40969
4413	6.39741
4414	6.3953
4415	6.40027
4416	6.40035
4417	6.4031
4418	6.40349
4419	6.40521
4420	6.40697
4421	6.40762
4422	6.4085
4423	6.40859
4424	6.40873
4425	6.41064
4426	6.41145
4427	6.40843
4428	6.40298
4429	6.41094
4430	6.41661
4431	6.43214
4432	6.44143
4433	6.449
4434	6.45606
4435	6.44899
4436	6.44963
4437	6.45737
4438	6.46496
4439	6.47635
4440	6.48736
4441	6.50075
4442	6.50543
4443	6.50123
4444	6.49817
4445	6.49644
4446	6.49165
4447	6.49212
4448	6.49227
4449	6.48736
4450	6.48284
4451	6.46852
4452	6.45953
4453	6.45771
4454	6.45789
4455	6.45621
4456	6.45385
4457	6.46341
4458	6.46484
4459	6.46388
4460	6.46314
4461	6.46294
4462	6.47523
4463	6.47961
4464	6.49328
4465	6.49908
4466	6.50172
4467	6.50465
4468	6.50372
4469	6.4957
4470	6.48687
4471	6.48515
4472	6.48602
4473	6.48994
4474	6.49331
4475	6.50753
4476	6.51793
4477	6.52295
4478	6.52168
4479	6.53403
4480	6.54224
4481	6.5425
4482	6.54378
4483	6.54338
4484	6.54531
4485	6.545
4486	6.54509
4487	6.54539
4488	6.54794
4489	6.54733
4490	6.54699
4491	6.54846
4492	6.54541
4493	6.5447
4494	6.55823
4495	6.56425
4496	6.56562
4497	6.5652
4498	6.56512
4499	6.55811
4500	6.55838
4501	6.55672
4502	6.54651
4503	6.53809
4504	6.53037
4505	6.52925
4506	6.52155
4507	6.51334
4508	6.51043
4509	6.5177
4510	6.52192
4511	6.52948
4512	6.53313
4513	6.54319
4514	6.55487
4515	6.55363
4516	6.55783
4517	6.57049
4518	6.56971
4519	6.57561
4520	6.57914
4521	6.58558
4522	6.59092
4523	6.60848
4524	6.61962
4525	6.62279
4526	6.62309
4527	6.61829
4528	6.62485
4529	6.62758
4530	6.61935
4531	6.60444
4532	6.59446
4533	6.58408
4534	6.57552
4535	6.56666
4536	6.56953
4537	6.56141
4538	6.55016
4539	6.53443
4540	6.53409
4541	6.51883
4542	6.5104
4543	6.50949
4544	6.49781
4545	6.48298
4546	6.47661
4547	6.47505
4548	6.47548
4549	6.4753
4550	6.47492
4551	6.47479
4552	6.474
4553	6.47328
4554	6.47364
4555	6.47667
4556	6.47579
4557	6.47718
4558	6.48317
4559	6.49109
4560	6.48972
4561	6.50517
4562	6.50865
4563	6.51502
4564	6.50227
4565	6.49633
4566	6.49402
4567	6.49175
4568	6.49263
4569	6.49272
4570	6.49183
4571	6.49168
4572	6.49127
4573	6.48734
4574	6.48573
4575	6.47288
4576	6.46407
4577	6.45973
4578	6.45625
4579	6.44169
4580	6.4342
4581	6.45271
4582	6.46355
4583	6.4667
4584	6.47484
4585	6.47519
4586	6.47527
4587	6.47502
4588	6.47439
4589	6.47393
4590	6.47256
4591	6.47059
4592	6.47182
4593	6.47179
4594	6.45946
4595	6.45311
4596	6.45042
4597	6.45109
4598	6.45111
4599	6.45264
4600	6.45321
4601	6.45671
4602	6.46501
4603	6.47988
4604	6.49512
4605	6.50161
4606	6.50753
4607	6.52676
4608	6.54097
4609	6.54233
4610	6.54054
4611	6.54496
4612	6.54541
4613	6.54274
4614	6.53123
4615	6.52728
4616	6.52338
4617	6.50717
4618	6.51749
4619	6.51237
4620	6.50839
4621	6.50424
4622	6.49812
4623	6.4818
4624	6.47046
4625	6.46644
4626	6.46465
4627	6.45868
4628	6.45137
4629	6.44224
4630	6.44258
4631	6.44267
4632	6.44373
4633	6.44574
4634	6.44581
4635	6.44455
4636	6.43196
4637	6.43237
4638	6.43836
4639	6.43806
4640	6.42088
4641	6.42117
4642	6.42262
4643	6.42187
4644	6.42091
4645	6.42161
4646	6.42101
4647	6.42173
4648	6.4209
4649	6.42297
4650	6.4231
4651	6.42368
4652	6.4316
4653	6.44284
4654	6.44834
4655	6.44589
4656	6.45836
4657	6.45764
4658	6.45583
4659	6.45964
4660	6.47366
4661	6.47716
4662	6.4699
4663	6.47542
4664	6.48408
4665	6.48494
4666	6.48647
4667	6.49887
4668	6.5006
4669	6.50393
4670	6.50832
4671	6.50918
4672	6.5095
4673	6.51053
4674	6.51229
4675	6.51283
4676	6.51246
4677	6.51213
4678	6.51402
4679	6.51821
4680	6.52192
4681	6.51989
4682	6.52742
4683	6.52761
4684	6.52238
4685	6.52577
4686	6.53242
4687	6.54384
4688	6.55777
4689	6.56777
4690	6.57112
4691	6.58848
4692	6.59747
4693	6.61379
4694	6.62319
4695	6.63819
4696	6.65568
4697	6.67503
4698	6.67926
4699	6.68352
4700	6.68329
4701	6.68465
4702	6.67475
4703	6.66425
4704	6.64993
4705	6.64521
4706	6.64279
4707	6.6284
4708	6.61562
4709	6.62043
4710	6.62506
4711	6.6124
4712	6.60689
4713	6.60023
4714	6.61786
4715	6.62641
4716	6.63676
4717	6.63906
4718	6.64027
4719	6.64681
4720	6.65018
4721	6.65366
4722	6.65349
4723	6.65296
4724	6.66188
4725	6.67675
4726	6.69577
4727	6.70848
4728	6.72723
4729	6.74709
4730	6.76402
4731	6.77434
4732	6.79185
4733	6.80101
4734	6.81435
4735	6.82321
4736	6.83486
4737	6.83163
4738	6.8239
4739	6.83539
4740	6.85251
4741	6.86839
4742	6.88343
4743	6.89494
4744	6.90869
4745	6.92475
4746	6.94564
4747	6.96778
4748	6.97779
4749	6.97985
4750	6.98523
4751	6.98233
4752	6.97302
4753	6.95944
4754	6.95596
4755	6.9564
4756	6.94155
4757	6.92642
4758	6.92174
4759	6.92089
4760	6.90682
4761	6.88593
4762	6.87619
4763	6.85926
4764	6.84948
4765	6.84764
4766	6.84572
4767	6.8396
4768	6.83992
4769	6.83952
4770	6.84054
4771	6.84531
4772	6.8468
4773	6.84527
4774	6.84378
4775	6.84281
4776	6.84287
4777	6.84434
4778	6.85565
4779	6.86258
4780	6.85841
4781	6.84031
4782	6.81862
4783	6.81306
4784	6.81358
4785	6.81164
4786	6.81386
4787	6.81038
4788	6.79684
4789	6.78609
4790	6.78585
4791	6.76919
4792	6.76137
4793	6.75978
4794	6.75926
4795	6.75277
4796	6.74954
4797	6.74042
4798	6.74778
4799	6.74571
4800	6.74398
4801	6.7482
4802	6.75988
4803	6.75621
4804	6.75387
4805	6.75473
4806	6.76592
4807	6.77769
4808	6.77827
4809	6.76639
4810	6.76015
4811	6.7611
4812	6.76484
4813	6.76655
4814	6.75025
4815	6.74187
4816	6.73178
4817	6.72992
4818	6.7184
4819	6.70978
4820	6.70711
4821	6.70229
4822	6.71105
4823	6.72091
4824	6.71507
4825	6.69851
4826	6.68318
4827	6.68255
4828	6.6832
4829	6.68019
4830	6.68335
4831	6.68523
4832	6.67487
4833	6.66669
4834	6.65462
4835	6.64859
4836	6.64539
4837	6.65159
4838	6.65175
4839	6.64162
4840	6.6284
4841	6.62329
4842	6.62111
4843	6.61264
4844	6.59971
4845	6.59017
4846	6.58728
4847	6.58724
4848	6.59232
4849	6.59894
4850	6.61201
4851	6.63242
4852	6.64672
4853	6.6549
4854	6.64934
4855	6.65991
4856	6.66414
4857	6.66689
4858	6.65719
4859	6.64538
4860	6.65054
4861	6.65105
4862	6.65011
4863	6.64989
4864	6.64987
4865	6.65129
4866	6.65265
4867	6.65091
4868	6.64832
4869	6.65219
4870	6.64638
4871	6.64529
4872	6.64359
4873	6.64401
4874	6.64442
4875	6.64884
4876	6.65017
4877	6.65804
4878	6.65165
4879	6.64501
4880	6.64293
4881	6.6444
4882	6.64526
4883	6.64609
4884	6.64209
4885	6.64197
4886	6.63309
4887	6.62382
4888	6.62644
4889	6.6433
4890	6.65037
4891	6.66189
4892	6.67855
4893	6.67164
4894	6.67086
4895	6.66461
4896	6.66173
4897	6.66079
4898	6.64853
4899	6.6458
4900	6.6474
4901	6.63993
4902	6.626
4903	6.62341
4904	6.62522
4905	6.61583
4906	6.60225
4907	6.58907
4908	6.59114
4909	6.58909
4910	6.58793
4911	6.59646
4912	6.59519
4913	6.59419
4914	6.59467
4915	6.59827
4916	6.59806
4917	6.59646
4918	6.59683
4919	6.59789
4920	6.59753
4921	6.59574
4922	6.58874
4923	6.57835
4924	6.57531
4925	6.57594
4926	6.57425
4927	6.56299
4928	6.54443
4929	6.52862
4930	6.5261
4931	6.52446
4932	6.51903
4933	6.51871
4934	6.51806
4935	6.51734
4936	6.51075
4937	6.50212
4938	6.50434
4939	6.50535
4940	6.51086
4941	6.50319
4942	6.48905
4943	6.50189
4944	6.50899
4945	6.50434
4946	6.48943
4947	6.46999
4948	6.45652
4949	6.44731
4950	6.43111
4951	6.41361
4952	6.40157
4953	6.39516
4954	6.39793
4955	6.38873
4956	6.39375
4957	6.39052
4958	6.3903
4959	6.39095
4960	6.39117
4961	6.39028
4962	6.39057
4963	6.39041
4964	6.39059
4965	6.39053
4966	6.38844
4967	6.38578
4968	6.38888
4969	6.38422
4970	6.39205
4971	6.38921
4972	6.38842
4973	6.39344
4974	6.40182
4975	6.39804
4976	6.39621
4977	6.38848
4978	6.39724
4979	6.40999
4980	6.41705
4981	6.41596
4982	6.41641
4983	6.41611
4984	6.41484
4985	6.41818
4986	6.42759
4987	6.44521
4988	6.45332
4989	6.43768
4990	6.42904
4991	6.41721
4992	6.39921
4993	6.39095
4994	6.38175
4995	6.37912
4996	6.37496
4997	6.36712
4998	6.36838
4999	6.3793
5000	6.39534
5001	6.40523
5002	6.41718
5003	6.43323
5004	6.44517
5005	6.4517
5006	6.46436
5007	6.47293
5008	6.47148
5009	6.48466
5010	6.49344
5011	6.49841
5012	6.51434
5013	6.52553
5014	6.53637
5015	6.54557
5016	6.55396
5017	6.55659
5018	6.56894
5019	6.58498
5020	6.60271
5021	6.61948
5022	6.63014
5023	6.63343
5024	6.64986
5025	6.66102
5026	6.68034
5027	6.69127
5028	6.69689
5029	6.69421
5030	6.67961
5031	6.66933
5032	6.669
5033	6.6686
5034	6.676
5035	6.67428
5036	6.67389
5037	6.68808
5038	6.68952
5039	6.68797
5040	6.6966
5041	6.70549
5042	6.723
5043	6.71614
5044	6.70831
5045	6.70716
5046	6.71553
5047	6.71495
5048	6.71522
5049	6.71494
5050	6.72655
5051	6.7402
5052	6.757
5053	6.77237
5054	6.78029
5055	6.79348
5056	6.79913
5057	6.81311
5058	6.82062
5059	6.81977
5060	6.81342
5061	6.81237
5062	6.81313
5063	6.83125
5064	6.85199
5065	6.86241
5066	6.87183
5067	6.87777
5068	6.8744
5069	6.87482
5070	6.8652
5071	6.86478
5072	6.86493
5073	6.87461
5074	6.87229
5075	6.87215
5076	6.87231
5077	6.87186
5078	6.85528
5079	6.84356
5080	6.83999
5081	6.84056
5082	6.8391
5083	6.83995
5084	6.83993
5085	6.83531
5086	6.82337
5087	6.80337
5088	6.79004
5089	6.78941
5090	6.78881
5091	6.78943
5092	6.78932
5093	6.78917
5094	6.7906
5095	6.79064
5096	6.7836
5097	6.78202
5098	6.77983
5099	6.76662
5100	6.74783
5101	6.73473
5102	6.72062
5103	6.70323
5104	6.68899
5105	6.68312
5106	6.67741
5107	6.6799
5108	6.68461
5109	6.67921
5110	6.68711
5111	6.68433
5112	6.6794
5113	6.67916
5114	6.67337
5115	6.6598
5116	6.66372
5117	6.67382
5118	6.66728
5119	6.65412
5120	6.64275
5121	6.63747
5122	6.63491
5123	6.63511
5124	6.61757
5125	6.60661
5126	6.58756
5127	6.5773
5128	6.58642
5129	6.59121
5130	6.59045
5131	6.60033
5132	6.6055
5133	6.61049
5134	6.60275
5135	6.60276
5136	6.60319
5137	6.60559
5138	6.61548
5139	6.63115
5140	6.63189
5141	6.63962
5142	6.64449
5143	6.64663
5144	6.64859
5145	6.64987
5146	6.64201
5147	6.64303
5148	6.64028
5149	6.63753
5150	6.62227
5151	6.60825
5152	6.60316
5153	6.59537
5154	6.59744
5155	6.5911
5156	6.58883
5157	6.58284
5158	6.58459
5159	6.59675
5160	6.60503
5161	6.61656
5162	6.61885
5163	6.61317
5164	6.60534
5165	6.60874
5166	6.6113
5167	6.61003
5168	6.61639
5169	6.6179
5170	6.62613
5171	6.63781
5172	6.64877
5173	6.63543
5174	6.6357
5175	6.63824
5176	6.65426
5177	6.66898
5178	6.6847
5179	6.69746
5180	6.71133
5181	6.72187
5182	6.74227
5183	6.76157
5184	6.7834
5185	6.80239
5186	6.81468
5187	6.83309
5188	6.84812
5189	6.8566
5190	6.87368
5191	6.88695
5192	6.89977
5193	6.9203
5194	6.93901
5195	6.95695
5196	6.9739
5197	6.99256
5198	7.00919
5199	7.02166
5200	7.03974
5201	7.05687
5202	7.06815
5203	7.08379
5204	7.10459
5205	7.12138
5206	7.1302
5207	7.13363
5208	7.1476
5209	7.15066
5210	7.14498
5211	7.14892
5212	7.14493
5213	7.14724
5214	7.15889
5215	7.17194
5216	7.17085
5217	7.17899
5218	7.18492
5219	7.18579
5220	7.19042
5221	7.1819
5222	7.17013
5223	7.16877
5224	7.18544
5225	7.19249
5226	7.20779
5227	7.22306
5228	7.21557
5229	7.22836
5230	7.24043
5231	7.24603
5232	7.25233
5233	7.26627
5234	7.27977
5235	7.30213
5236	7.32075
5237	7.3243
5238	7.32152
5239	7.31755
5240	7.31348
5241	7.31149
5242	7.31063
5243	7.31376
5244	7.32054
5245	7.34088
5246	7.35728
5247	7.38114
5248	7.40395
5249	7.42698
5250	7.4506
5251	7.46088
5252	7.45432
5253	7.45873
5254	7.46178
5255	7.47306
5256	7.47931
5257	7.47998
5258	7.47184
5259	7.45653
5260	7.45832
5261	7.4468
5262	7.45008
5263	7.44602
5264	7.44445
5265	7.43812
5266	7.43331
5267	7.42756
5268	7.41991
5269	7.41703
5270	7.40924
5271	7.39379
5272	7.38003
5273	7.37994
5274	7.36987
5275	7.36707
5276	7.37063
5277	7.3638
5278	7.35117
5279	7.34572
5280	7.34082
5281	7.34148
5282	7.3352
5283	7.32459
5284	7.31358
5285	7.3001
5286	7.28772
5287	7.26934
5288	7.26011
5289	7.26691
5290	7.2543
5291	7.23918
5292	7.22717
5293	7.22089
5294	7.20724
5295	7.18788
5296	7.16977
5297	7.15005
5298	7.13183
5299	7.12056
5300	7.10165
5301	7.08386
5302	7.07199
5303	7.05599
5304	7.0351
5305	7.02933
5306	7.02548
5307	7.01354
5308	6.9925
5309	6.97964
5310	6.9642
5311	6.94711
5312	6.93556
5313	6.93358
5314	6.91403
5315	6.90092
5316	6.88791
5317	6.86705
5318	6.85471
5319	6.85831
5320	6.84757
5321	6.84432
5322	6.84526
5323	6.84365
5324	6.83037
5325	6.82295
5326	6.80927
5327	6.79538
5328	6.8034
5329	6.79681
