frame_no	rate
0	inf
1	10.7556
2	8.2019
3	7.33253
4	6.89869
5	6.63203
6	6.45829
7	6.32859
8	6.21575
9	6.14443
10	6.07128
11	6.02013
12	5.98655
13	6.04262
14	5.99194
15	5.95935
16	5.98231
17	6.04156
18	6.05964
19	6.10396
20	6.13082
21	6.13343
22	6.15223
23	6.18136
24	6.1934
25	6.23368
26	6.26192
27	6.27732
28	6.28441
29	6.30627
30	6.33215
31	6.36567
32	6.38483
33	6.40185
34	6.42153
35	6.45033
36	6.45467
37	6.46814
38	6.4865
39	6.48851
40	6.48724
41	6.50372
42	6.51849
43	6.51921
44	6.53043
45	6.54239
46	6.53565
47	6.51537
48	6.52843
49	6.54046
50	6.54821
51	6.54905
52	6.52602
53	6.50583
54	6.48675
55	6.46761
56	6.44982
57	6.43231
58	6.41692
59	6.39946
60	6.3841
61	6.36926
62	6.35434
63	6.34083
64	6.32742
65	6.31521
66	6.30331
67	6.29138
68	6.29266
69	6.28151
70	6.27055
71	6.26107
72	6.25527
73	6.25401
74	6.24583
75	6.23692
76	6.2277
77	6.2182
78	6.20908
79	6.21491
80	6.21233
81	6.20748
82	6.1987
83	6.18955
84	6.18136
85	6.17355
86	6.16671
87	6.16452
88	6.15716
89	6.14988
90	6.14292
91	6.13606
92	6.12977
93	6.12291
94	6.11505
95	6.10885
96	6.10258
97	6.09677
98	6.09063
99	6.08513
100	6.01963
101	6.02181
102	6.02631
103	6.03341
104	6.05061
105	6.06051
106	6.07024
107	6.08045
108	6.09462
109	6.10389
110	6.12214
111	6.13856
112	6.15593
113	6.1585
114	6.16844
115	6.17682
116	6.17649
117	6.16112
118	6.15208
119	6.13703
120	6.12716
121	6.11984
122	6.10796
123	6.10978
124	6.11062
125	6.104
126	6.09348
127	6.09177
128	6.08562
129	6.07786
130	6.06709
131	6.04978
132	6.03499
133	6.03162
134	6.02876
135	6.0231
136	6.01876
137	6.01476
138	6.01644
139	6.01831
140	6.02151
141	6.01771
142	6.01235
143	6.01967
144	6.01886
145	6.01405
146	6.02193
147	6.03647
148	6.034
149	6.02836
150	6.01835
151	6.00638
152	6.00732
153	6.00663
154	6.00618
155	6.00423
156	6.00267
157	6.00137
158	6.00023
159	5.99999
160	5.99893
161	5.99704
162	5.99701
163	6.00801
164	6.01466
165	6.01562
166	6.01961
167	6.01929
168	6.0097
169	6.00938
170	6.00898
171	6.00752
172	6.00403
173	5.99793
174	5.99667
175	5.99582
176	5.99535
177	5.99488
178	5.99586
179	5.9851
180	5.9792
181	5.98497
182	5.98881
183	6.00499
184	6.01729
185	6.02451
186	6.02396
187	6.01912
188	6.01898
189	6.0186
190	6.01863
191	6.01809
192	6.01715
193	6.01674
194	6.0168
195	6.01927
196	6.01995
197	6.01844
198	6.01901
199	6.01829
200	6.01717
201	6.01778
202	6.01496
203	6.00812
204	5.9911
205	5.98236
206	5.97155
207	5.96128
208	5.95927
209	5.965
210	5.95912
211	5.95921
212	5.95836
213	5.95516
214	5.952
215	5.94498
216	5.93671
217	5.94808
218	5.9541
219	5.95559
220	5.95526
221	5.95673
222	5.95738
223	5.94316
224	5.93481
225	5.93227
226	5.92869
227	5.91917
228	5.91548
229	5.92234
230	5.93157
231	5.94436
232	5.95874
233	5.95902
234	5.94935
235	5.93854
236	5.93312
237	5.92489
238	5.9093
239	5.89965
240	5.88864
241	5.87868
242	5.87137
243	5.85657
244	5.8455
245	5.8385
246	5.83143
247	5.81908
248	5.82239
249	5.8237
250	5.82284
251	5.82996
252	5.83194
253	5.83492
254	5.84617
255	5.85327
256	5.85596
257	5.8588
258	5.86163
259	5.87322
260	5.8845
261	5.889
262	5.89404
263	5.90022
264	5.90289
265	5.90407
266	5.90581
267	5.91391
268	5.9212
269	5.93671
270	5.94887
271	5.96718
272	5.98189
273	5.98704
274	5.98893
275	5.99263
276	6.01127
277	6.02949
278	6.0447
279	6.05337
280	6.07468
281	6.07752
282	6.09179
283	6.08969
284	6.08423
285	6.09078
286	6.11136
287	6.1236
288	6.12812
289	6.13351
290	6.14846
291	6.1668
292	6.17832
293	6.18444
294	6.19089
295	6.19317
296	6.19823
297	6.21346
298	6.22877
299	6.2466
300	6.26642
301	6.28304
302	6.29478
303	6.31469
304	6.33219
305	6.34845
306	6.36823
307	6.39173
308	6.40411
309	6.40661
310	6.41843
311	6.41767
312	6.41913
313	6.42662
314	6.44331
315	6.46349
316	6.4855
317	6.49281
318	6.51182
319	6.53249
320	6.55443
321	6.57803
322	6.60389
323	6.61889
324	6.62822
325	6.64082
326	6.6552
327	6.6674
328	6.68262
329	6.68887
330	6.69704
331	6.69753
332	6.69127
333	6.69535
334	6.71043
335	6.73118
336	6.74248
337	6.75026
338	6.75589
339	6.7611
340	6.76663
341	6.77052
342	6.7765
343	6.78194
344	6.80147
345	6.81131
346	6.80851
347	6.81233
348	6.8009
349	6.79549
350	6.80681
351	6.80637
352	6.81079
353	6.81578
354	6.80734
355	6.80736
356	6.80968
357	6.82632
358	6.83435
359	6.8267
360	6.81894
361	6.83739
362	6.84568
363	6.82673
364	6.82166
365	6.82565
366	6.82538
367	6.82071
368	6.81995
369	6.80671
370	6.79709
371	6.78051
372	6.76815
373	6.7681
374	6.77332
375	6.79155
376	6.78465
377	6.76978
378	6.75648
379	6.75305
380	6.73594
381	6.7267
382	6.7125
383	6.70455
384	6.70327
385	6.69251
386	6.67486
387	6.66863
388	6.67988
389	6.68171
390	6.67036
391	6.65709
392	6.65198
393	6.65245
394	6.65224
395	6.65449
396	6.65274
397	6.64324
398	6.63209
399	6.61957
400	6.62017
401	6.60978
402	6.601
403	6.58621
404	6.5741
405	6.56212
406	6.55028
407	6.53742
408	6.51943
409	6.50894
410	6.49154
411	6.4816
412	6.46556
413	6.45061
414	6.43565
415	6.42133
416	6.40607
417	6.39132
418	6.37258
419	6.35791
420	6.34127
421	6.32331
422	6.30557
423	6.2972
424	6.29247
425	6.28143
426	6.27424
427	6.2694
428	6.26189
429	6.24726
430	6.23078
431	6.22173
432	6.21881
433	6.21221
434	6.20362
435	6.19119
436	6.18869
437	6.1863
438	6.18668
439	6.18609
440	6.18763
441	6.18975
442	6.18812
443	6.18792
444	6.17691
445	6.17242
446	6.17262
447	6.17283
448	6.17121
449	6.18362
450	6.18272
451	6.18331
452	6.18178
453	6.17789
454	6.18973
455	6.20186
456	6.20735
457	6.20257
458	6.21311
459	6.22435
460	6.23796
461	6.23754
462	6.24307
463	6.24725
464	6.24827
465	6.24785
466	6.24752
467	6.25155
468	6.25357
469	6.25367
470	6.25448
471	6.25523
472	6.25511
473	6.25512
474	6.25502
475	6.24223
476	6.23282
477	6.23227
478	6.23202
479	6.23134
480	6.24472
481	6.26424
482	6.27894
483	6.28585
484	6.28646
485	6.28674
486	6.2868
487	6.28534
488	6.27742
489	6.27699
490	6.27679
491	6.28722
492	6.29848
493	6.30747
494	6.32312
495	6.3373
496	6.35307
497	6.37109
498	6.38316
499	6.39407
500	6.39146
501	6.3942
502	6.40261
503	6.40699
504	6.42273
505	6.43447
506	6.44127
507	6.44757
508	6.46274
509	6.47523
510	6.48693
511	6.50144
512	6.51789
513	6.52761
514	6.5427
515	6.55952
516	6.57829
517	6.59607
518	6.61175
519	6.62225
520	6.63164
521	6.63169
522	6.64547
523	6.64995
524	6.65803
525	6.66812
526	6.68479
527	6.70019
528	6.71719
529	6.73001
530	6.7311
531	6.73106
532	6.73067
533	6.72521
534	6.72428
535	6.72465
536	6.72329
537	6.72755
538	6.72808
539	6.72808
540	6.72802
541	6.7341
542	6.74027
543	6.74062
544	6.74004
545	6.73938
546	6.73907
547	6.74695
548	6.75171
549	6.74174
550	6.74544
551	6.74561
552	6.75833
553	6.77501
554	6.77754
555	6.77908
556	6.79189
557	6.80084
558	6.80253
559	6.80885
560	6.79567
561	6.78197
562	6.76805
563	6.76637
564	6.76545
565	6.76568
566	6.76672
567	6.7642
568	6.77831
569	6.78767
570	6.78733
571	6.80091
572	6.80617
573	6.80706
574	6.80606
575	6.80549
576	6.80776
577	6.80846
578	6.80888
579	6.80971
580	6.79815
581	6.77549
582	6.75822
583	6.74819
584	6.74746
585	6.74682
586	6.74708
587	6.75011
588	6.74979
589	6.76508
590	6.77059
591	6.76094
592	6.74672
593	6.73583
594	6.71897
595	6.70168
596	6.68632
597	6.66975
598	6.65849
599	6.65341
600	6.63996
601	6.63518
602	6.64021
603	6.64115
604	6.62582
605	6.61468
606	6.62145
607	6.61598
608	6.59947
609	6.58462
610	6.57196
611	6.55606
612	6.5408
613	6.53112
614	6.51754
615	6.50016
616	6.48302
617	6.46617
618	6.44939
619	6.43956
620	6.43104
621	6.43292
622	6.42064
623	6.41767
624	6.41159
625	6.39966
626	6.38471
627	6.37032
628	6.35488
629	6.34491
630	6.34442
631	6.34509
632	6.34587
633	6.34829
634	6.35129
635	6.35083
636	6.36195
637	6.36044
638	6.35997
639	6.36029
640	6.35713
641	6.35095
642	6.34606
643	6.3592
644	6.37665
645	6.38494
646	6.38624
647	6.38002
648	6.37645
649	6.37186
650	6.36443
651	6.36446
652	6.35548
653	6.34828
654	6.34037
655	6.33187
656	6.31882
657	6.31065
658	6.29702
659	6.28285
660	6.28045
661	6.27998
662	6.28029
663	6.27905
664	6.27923
665	6.28054
666	6.27891
667	6.27812
668	6.26273
669	6.25425
670	6.25451
671	6.25199
672	6.25009
673	6.25007
674	6.2525
675	6.25383
676	6.25962
677	6.25813
678	6.25742
679	6.25671
680	6.25217
681	6.25096
682	6.25028
683	6.24999
684	6.25007
685	6.25035
686	6.24938
687	6.24739
688	6.25499
689	6.25509
690	6.25711
691	6.26754
692	6.27754
693	6.28073
694	6.27998
695	6.29028
696	6.29858
697	6.29665
698	6.29544
699	6.29028
700	6.29204
701	6.29213
702	6.27976
703	6.27462
704	6.27348
705	6.27284
706	6.25913
707	6.255
708	6.25562
709	6.25504
710	6.25744
711	6.25906
712	6.25979
713	6.25983
714	6.25879
715	6.2605
716	6.25953
717	6.25894
718	6.26037
719	6.26044
720	6.26118
721	6.25883
722	6.25949
723	6.25943
724	6.25967
725	6.2593
726	6.25931
727	6.26052
728	6.26101
729	6.2603
730	6.26164
731	6.26078
732	6.26045
733	6.26141
734	6.26495
735	6.27535
736	6.26415
737	6.26417
738	6.26202
739	6.26333
740	6.26762
741	6.2686
742	6.26729
743	6.25348
744	6.23593
745	6.22955
746	6.22867
747	6.2264
748	6.22544
749	6.22881
750	6.2405
751	6.24201
752	6.24137
753	6.2372
754	6.23139
755	6.22576
756	6.22194
757	6.21638
758	6.21626
759	6.22399
760	6.22472
761	6.2248
762	6.24132
763	6.25887
764	6.26811
765	6.28343
766	6.30034
767	6.31643
768	6.33346
769	6.35022
770	6.35922
771	6.35213
772	6.3498
773	6.34978
774	6.34767
775	6.34645
776	6.35675
777	6.37295
778	6.39123
779	6.40822
780	6.42366
781	6.42641
782	6.42624
783	6.42636
784	6.42732
785	6.42885
786	6.42855
787	6.42779
788	6.41989
789	6.40571
790	6.39911
791	6.38569
792	6.37506
793	6.37476
794	6.37555
795	6.36767
796	6.35845
797	6.35724
798	6.35787
799	6.35626
800	6.35237
801	6.3525
802	6.35107
803	6.35113
804	6.35169
805	6.35134
806	6.35107
807	6.35023
808	6.34871
809	6.34861
810	6.34748
811	6.34774
812	6.34809
813	6.35407
814	6.3547
815	6.35438
816	6.35441
817	6.35572
818	6.35671
819	6.35666
820	6.35614
821	6.35757
822	6.37211
823	6.38753
824	6.40108
825	6.41739
826	6.43334
827	6.44891
828	6.46511
829	6.48126
830	6.49824
831	6.51466
832	6.53117
833	6.54695
834	6.55686
835	6.56236
836	6.57918
837	6.59376
838	6.61564
839	6.63136
840	6.64634
841	6.66552
842	6.684
843	6.70267
844	6.7201
845	6.73082
846	6.74889
847	6.76506
848	6.7765
849	6.77204
850	6.76033
851	6.77235
852	6.79187
853	6.80658
854	6.81508
855	6.81576
856	6.81746
857	6.81823
858	6.81692
859	6.80475
860	6.80501
861	6.80588
862	6.78608
863	6.76753
864	6.75658
865	6.73767
866	6.71891
867	6.70124
868	6.68407
869	6.66568
870	6.65481
871	6.65113
872	6.65167
873	6.65045
874	6.64906
875	6.64768
876	6.62846
877	6.61086
878	6.59179
879	6.57402
880	6.55822
881	6.55724
882	6.5565
883	6.55728
884	6.56012
885	6.5585
886	6.55887
887	6.56026
888	6.55937
889	6.55822
890	6.55702
891	6.55645
892	6.55691
893	6.55451
894	6.55531
895	6.5527
896	6.55745
897	6.56485
898	6.57579
899	6.57498
900	6.58938
901	6.58791
902	6.59029
903	6.59167
904	6.5912
905	6.59375
906	6.59615
907	6.59787
908	6.60004
909	6.60043
910	6.60042
911	6.59895
912	6.5994
913	6.59569
914	6.59509
915	6.59444
916	6.59559
917	6.59445
918	6.59202
919	6.59171
920	6.59217
921	6.59259
922	6.57635
923	6.55959
924	6.54997
925	6.53384
926	6.52687
927	6.51149
928	6.50945
929	6.49976
930	6.47971
931	6.4766
932	6.47427
933	6.46439
934	6.44826
935	6.4321
936	6.4161
937	6.3996
938	6.3809
939	6.36515
940	6.34919
941	6.3305
942	6.31525
943	6.29917
944	6.28352
945	6.27284
946	6.25694
947	6.24486
948	6.23644
949	6.23603
950	6.24144
951	6.2292
952	6.20965
953	6.20352
954	6.20558
955	6.21895
956	6.23541
957	6.25214
958	6.26245
959	6.27666
960	6.28936
961	6.306
962	6.31481
963	6.32675
964	6.34482
965	6.35354
966	6.35927
967	6.37117
968	6.38877
969	6.4012
970	6.4015
971	6.40351
972	6.40338
973	6.40431
974	6.40576
975	6.40713
976	6.4082
977	6.4077
978	6.40755
979	6.4076
980	6.41806
981	6.43663
982	6.44997
983	6.46729
984	6.4755
985	6.48691
986	6.49763
987	6.508
988	6.51943
989	6.53245
990	6.54502
991	6.55797
992	6.57038
993	6.58188
994	6.59368
995	6.60581
996	6.61405
997	6.61813
998	6.61786
999	6.61809
1000	6.61937
1001	6.63443
1002	6.64995
1003	6.66171
1004	6.67622
1005	6.68998
1006	6.70577
1007	6.71781
1008	6.73675
1009	6.74644
1010	6.75958
1011	6.76718
1012	6.77625
1013	6.78258
1014	6.79207
1015	6.80069
1016	6.80802
1017	6.82367
1018	6.83835
1019	6.84868
1020	6.86337
1021	6.87614
1022	6.8836
1023	6.88381
1024	6.87717
1025	6.87654
1026	6.8663
1027	6.86477
1028	6.85035
1029	6.85875
1030	6.8742
1031	6.8684
1032	6.86232
1033	6.87037
1034	6.88328
1035	6.89359
1036	6.89875
1037	6.89985
1038	6.89931
1039	6.8988
1040	6.89917
1041	6.89991
1042	6.90043
1043	6.89993
1044	6.90116
1045	6.90261
1046	6.90274
1047	6.90106
1048	6.89967
1049	6.89936
1050	6.8905
1051	6.89236
1052	6.89543
1053	6.88859
1054	6.87632
1055	6.8563
1056	6.84698
1057	6.82931
1058	6.81801
1059	6.80143
1060	6.78295
1061	6.76344
1062	6.76729
1063	6.76059
1064	6.73982
1065	6.72842
1066	6.72266
1067	6.70587
1068	6.68554
1069	6.67186
1070	6.67729
1071	6.67618
1072	6.67891
1073	6.677
1074	6.67556
1075	6.6755
1076	6.67505
1077	6.67623
1078	6.67587
1079	6.67808
1080	6.67492
1081	6.66751
1082	6.65738
1083	6.65059
1084	6.64914
1085	6.65147
1086	6.65269
1087	6.65606
1088	6.64356
1089	6.63087
1090	6.62097
1091	6.60698
1092	6.59313
1093	6.58078
1094	6.56872
1095	6.55476
1096	6.54175
1097	6.52984
1098	6.51536
1099	6.51663
1100	6.50273
1101	6.48738
1102	6.47442
1103	6.46428
1104	6.45638
1105	6.44073
1106	6.42452
1107	6.41158
1108	6.39247
1109	6.38278
1110	6.37098
1111	6.36395
1112	6.35389
1113	6.34616
1114	6.33788
1115	6.33092
1116	6.32403
1117	6.31157
1118	6.30099
1119	6.29216
1120	6.27857
1121	6.26728
1122	6.26185
1123	6.26233
1124	6.26211
1125	6.26194
1126	6.26171
1127	6.26159
1128	6.26307
1129	6.24971
1130	6.23863
1131	6.23192
1132	6.22305
1133	6.20921
1134	6.20286
1135	6.19401
1136	6.19026
1137	6.19342
1138	6.19398
1139	6.19491
1140	6.20628
1141	6.20533
1142	6.20568
1143	6.20902
1144	6.21368
1145	6.22573
1146	6.23725
1147	6.24129
1148	6.24583
1149	6.25273
1150	6.26478
1151	6.2724
1152	6.27434
1153	6.29004
1154	6.30857
1155	6.31116
1156	6.30642
1157	6.30557
1158	6.30284
1159	6.3028
1160	6.30819
1161	6.30714
1162	6.29403
1163	6.28799
1164	6.30251
1165	6.32127
1166	6.33783
1167	6.34936
1168	6.36068
1169	6.36698
1170	6.36808
1171	6.3708
1172	6.36847
1173	6.37034
1174	6.37493
1175	6.37643
1176	6.37593
1177	6.37517
1178	6.37548
1179	6.3738
1180	6.36678
1181	6.36204
1182	6.36621
1183	6.35692
1184	6.3464
1185	6.33395
1186	6.32189
1187	6.30808
1188	6.30762
1189	6.30819
1190	6.30654
1191	6.31035
1192	6.31597
1193	6.31568
1194	6.31367
1195	6.31458
1196	6.31103
1197	6.31087
1198	6.31918
1199	6.32038
1200	6.32977
1201	6.34156
1202	6.35394
1203	6.36706
1204	6.3703
1205	6.37415
1206	6.37616
1207	6.37909
1208	6.38364
1209	6.38461
1210	6.38361
1211	6.38372
1212	6.38545
1213	6.38571
1214	6.38652
1215	6.3874
1216	6.39679
1217	6.41399
1218	6.43176
1219	6.45067
1220	6.45114
1221	6.45459
1222	6.45473
1223	6.45471
1224	6.45576
1225	6.45662
1226	6.45451
1227	6.47027
1228	6.47377
1229	6.48282
1230	6.49829
1231	6.50675
1232	6.51531
1233	6.52937
1234	6.53779
1235	6.55707
1236	6.57111
1237	6.57133
1238	6.58971
1239	6.59907
1240	6.59828
1241	6.60739
1242	6.60516
1243	6.6
1244	6.59396
1245	6.57923
1246	6.56724
1247	6.56338
1248	6.5584
1249	6.55047
1250	6.53919
1251	6.53348
1252	6.54306
1253	6.54412
1254	6.54433
1255	6.56008
1256	6.56203
1257	6.56698
1258	6.56585
1259	6.56612
1260	6.56409
1261	6.56535
1262	6.56749
1263	6.56829
1264	6.55311
1265	6.54215
1266	6.52515
1267	6.53337
1268	6.53998
1269	6.53844
1270	6.55181
1271	6.5586
1272	6.56128
1273	6.57889
1274	6.58557
1275	6.59127
1276	6.60572
1277	6.62022
1278	6.62715
1279	6.63453
1280	6.63874
1281	6.63701
1282	6.64717
1283	6.65771
1284	6.66439
1285	6.67135
1286	6.68168
1287	6.68897
1288	6.70171
1289	6.70253
1290	6.70292
1291	6.71326
1292	6.72113
1293	6.71801
1294	6.73913
1295	6.75095
1296	6.76694
1297	6.78721
1298	6.79969
1299	6.81893
1300	6.82236
1301	6.82504
1302	6.80911
1303	6.79365
1304	6.78308
1305	6.77983
1306	6.78573
1307	6.78109
1308	6.77702
1309	6.77661
1310	6.7909
1311	6.7932
1312	6.79158
1313	6.79087
1314	6.78872
1315	6.7812
1316	6.77293
1317	6.75755
1318	6.75436
1319	6.7379
1320	6.73794
1321	6.74451
1322	6.7517
1323	6.75076
1324	6.7509
1325	6.75116
1326	6.75279
1327	6.7347
1328	6.72909
1329	6.71907
1330	6.7009
1331	6.6909
1332	6.68289
1333	6.67265
1334	6.65954
1335	6.64166
1336	6.62698
1337	6.62328
1338	6.60538
1339	6.60664
1340	6.60488
1341	6.6103
1342	6.61816
1343	6.62043
1344	6.62114
1345	6.62139
1346	6.62161
1347	6.6317
1348	6.64347
1349	6.6619
1350	6.67039
1351	6.68249
1352	6.6846
1353	6.67639
1354	6.6705
1355	6.66842
1356	6.68183
1357	6.68722
1358	6.7095
1359	6.72424
1360	6.74398
1361	6.76133
1362	6.77884
1363	6.78914
1364	6.79599
1365	6.80755
1366	6.82722
1367	6.82906
1368	6.82782
1369	6.83264
1370	6.83201
1371	6.83268
1372	6.82925
1373	6.80957
1374	6.80108
1375	6.79253
1376	6.78354
1377	6.78758
1378	6.79482
1379	6.79439
1380	6.79957
1381	6.8128
1382	6.8147
1383	6.81181
1384	6.81631
1385	6.81258
1386	6.80332
1387	6.8134
1388	6.8157
1389	6.82142
1390	6.82118
1391	6.81685
1392	6.80957
1393	6.81744
1394	6.80464
1395	6.80589
1396	6.80706
1397	6.80601
1398	6.80787
1399	6.79854
1400	6.78889
1401	6.77842
1402	6.78075
1403	6.78291
1404	6.78225
1405	6.78464
1406	6.78776
1407	6.79184
1408	6.79202
1409	6.79361
1410	6.77974
1411	6.77773
1412	6.78948
1413	6.79259
1414	6.79203
1415	6.79867
1416	6.79568
1417	6.79148
1418	6.77313
1419	6.76929
1420	6.76931
1421	6.757
1422	6.74859
1423	6.76189
1424	6.76571
1425	6.76469
1426	6.76438
1427	6.76649
1428	6.76348
1429	6.76513
1430	6.76694
1431	6.7681
1432	6.76922
1433	6.76664
1434	6.76635
1435	6.76494
1436	6.76531
1437	6.76308
1438	6.7632
1439	6.75167
1440	6.74065
1441	6.72706
1442	6.71807
1443	6.71799
1444	6.71801
1445	6.71783
1446	6.72747
1447	6.71942
1448	6.70806
1449	6.69011
1450	6.68125
1451	6.66551
1452	6.64969
1453	6.63778
1454	6.62409
1455	6.62441
1456	6.61015
1457	6.60202
1458	6.58315
1459	6.58299
1460	6.56942
1461	6.56062
1462	6.55494
1463	6.56051
1464	6.56834
1465	6.55606
1466	6.55326
1467	6.55144
1468	6.5508
1469	6.56057
1470	6.55406
1471	6.5601
1472	6.57043
1473	6.58373
1474	6.58781
1475	6.58907
1476	6.58666
1477	6.57442
1478	6.56652
1479	6.55997
1480	6.55012
1481	6.54311
1482	6.54145
1483	6.55037
1484	6.55357
1485	6.56556
1486	6.58342
1487	6.58232
1488	6.58076
1489	6.58956
1490	6.59933
1491	6.60219
1492	6.61291
1493	6.62486
1494	6.63736
1495	6.62438
1496	6.61235
1497	6.60966
1498	6.59539
1499	6.58521
1500	6.58227
1501	6.57848
1502	6.57445
1503	6.5692
1504	6.56963
1505	6.5662
1506	6.55396
1507	6.5625
1508	6.56444
1509	6.56306
1510	6.56443
1511	6.56525
1512	6.55831
1513	6.55635
1514	6.56216
1515	6.56273
1516	6.56314
1517	6.56301
1518	6.56437
1519	6.56373
1520	6.56557
1521	6.58004
1522	6.59855
1523	6.59555
1524	6.59044
1525	6.59039
1526	6.59531
1527	6.59835
1528	6.61858
1529	6.63038
1530	6.63927
1531	6.65645
1532	6.66905
1533	6.68166
1534	6.69451
1535	6.69576
1536	6.69514
1537	6.7044
1538	6.70781
1539	6.71181
1540	6.72021
1541	6.73341
1542	6.75058
1543	6.76444
1544	6.77706
1545	6.78798
1546	6.78935
1547	6.80146
1548	6.80635
1549	6.80629
1550	6.8035
1551	6.80907
1552	6.82485
1553	6.84356
1554	6.86268
1555	6.85969
1556	6.86635
1557	6.86727
1558	6.86534
1559	6.8646
1560	6.86329
1561	6.85309
1562	6.83696
1563	6.81934
1564	6.81833
1565	6.81961
1566	6.81027
1567	6.79128
1568	6.77363
1569	6.75411
1570	6.74175
1571	6.72505
1572	6.7133
1573	6.70071
1574	6.6943
1575	6.69319
1576	6.68898
1577	6.68531
1578	6.68021
1579	6.67801
1580	6.68524
1581	6.6794
1582	6.66762
1583	6.66439
1584	6.66109
1585	6.66342
1586	6.65792
1587	6.65852
1588	6.6592
1589	6.65279
1590	6.64801
1591	6.65141
1592	6.64103
1593	6.6349
1594	6.62316
1595	6.6284
1596	6.63083
1597	6.63097
1598	6.63003
1599	6.63025
1600	6.62875
1601	6.63284
1602	6.63715
1603	6.6366
1604	6.6377
1605	6.63883
1606	6.64089
1607	6.62938
1608	6.62946
1609	6.62956
1610	6.63115
1611	6.62968
1612	6.62699
1613	6.62697
1614	6.62324
1615	6.62273
1616	6.62319
1617	6.62207
1618	6.62212
1619	6.62551
1620	6.62397
1621	6.61196
1622	6.59413
1623	6.58244
1624	6.58547
1625	6.58994
1626	6.58573
1627	6.59404
1628	6.58391
1629	6.57402
1630	6.56594
1631	6.54869
1632	6.53526
1633	6.52306
1634	6.508
1635	6.50653
1636	6.50724
1637	6.50443
1638	6.50066
1639	6.49685
1640	6.4887
1641	6.47536
1642	6.46234
1643	6.4485
1644	6.43686
1645	6.42676
1646	6.4182
1647	6.41977
1648	6.41859
1649	6.42619
1650	6.42704
1651	6.42323
1652	6.41123
1653	6.39517
1654	6.37701
1655	6.3675
1656	6.35842
1657	6.35555
1658	6.35602
1659	6.34326
1660	6.33869
1661	6.33825
1662	6.3434
1663	6.3432
1664	6.32974
1665	6.32309
1666	6.3166
1667	6.31707
1668	6.31602
1669	6.31599
1670	6.31662
1671	6.31561
1672	6.31663
1673	6.31621
1674	6.31679
1675	6.31804
1676	6.31881
1677	6.3181
1678	6.31805
1679	6.32318
1680	6.31709
1681	6.31307
1682	6.30737
1683	6.29268
1684	6.29697
1685	6.2931
1686	6.28491
1687	6.27118
1688	6.26237
1689	6.255
1690	6.24994
1691	6.23672
1692	6.23119
1693	6.22274
1694	6.22276
1695	6.21963
1696	6.21706
1697	6.20489
1698	6.20069
1699	6.2006
1700	6.20186
1701	6.19727
1702	6.19511
1703	6.19606
1704	6.19495
1705	6.19795
1706	6.19726
1707	6.19787
1708	6.19585
1709	6.206
1710	6.2054
1711	6.20513
1712	6.20497
1713	6.20864
1714	6.20872
1715	6.20867
1716	6.20755
1717	6.2089
1718	6.20726
1719	6.20285
1720	6.2025
1721	6.20286
1722	6.20218
1723	6.20463
1724	6.20185
1725	6.19798
1726	6.19862
1727	6.18999
1728	6.18246
1729	6.18026
1730	6.17924
1731	6.19233
1732	6.1979
1733	6.2006
1734	6.20302
1735	6.20277
1736	6.20103
1737	6.19789
1738	6.1971
1739	6.19688
1740	6.19753
1741	6.19718
1742	6.19753
1743	6.19876
1744	6.19994
1745	6.20097
1746	6.20427
1747	6.19764
1748	6.19421
1749	6.18686
1750	6.18633
1751	6.1835
1752	6.18415
1753	6.18421
1754	6.18488
1755	6.18662
1756	6.18652
1757	6.18687
1758	6.18535
1759	6.18626
1760	6.18494
1761	6.18804
1762	6.1844
1763	6.18412
1764	6.18453
1765	6.18563
1766	6.18515
1767	6.18503
1768	6.18747
1769	6.18769
1770	6.19138
1771	6.19565
1772	6.19733
1773	6.21229
1774	6.22305
1775	6.23865
1776	6.25616
1777	6.27145
1778	6.28606
1779	6.29112
1780	6.30059
1781	6.30927
1782	6.31182
1783	6.31237
1784	6.29774
1785	6.2853
1786	6.28247
1787	6.28231
1788	6.28001
1789	6.28289
1790	6.28376
1791	6.2829
1792	6.2837
1793	6.28383
1794	6.27722
1795	6.28638
1796	6.28681
1797	6.29908
1798	6.30836
1799	6.30794
1800	6.30891
1801	6.31002
1802	6.30932
1803	6.30978
1804	6.31046
1805	6.30646
1806	6.32257
1807	6.33202
1808	6.33877
1809	6.32846
1810	6.33933
1811	6.35073
1812	6.3519
1813	6.34738
1814	6.3431
1815	6.34596
1816	6.34839
1817	6.34909
1818	6.35306
1819	6.35501
1820	6.35582
1821	6.35843
1822	6.35871
1823	6.35596
1824	6.35702
1825	6.35808
1826	6.35739
1827	6.3557
1828	6.3559
1829	6.35665
1830	6.35737
1831	6.342
1832	6.3346
1833	6.332
1834	6.33281
1835	6.33285
1836	6.33888
1837	6.34613
1838	6.346
1839	6.34631
1840	6.34642
1841	6.34812
1842	6.35976
1843	6.36473
1844	6.36336
1845	6.36375
1846	6.35768
1847	6.34897
1848	6.34884
1849	6.34912
1850	6.3488
1851	6.35014
1852	6.34911
1853	6.34712
1854	6.34475
1855	6.34022
1856	6.3391
1857	6.33802
1858	6.34001
1859	6.34189
1860	6.34262
1861	6.34084
1862	6.34334
1863	6.34395
1864	6.34404
1865	6.34115
1866	6.34377
1867	6.3423
1868	6.34087
1869	6.34081
1870	6.33454
1871	6.33169
1872	6.3293
1873	6.31274
1874	6.30536
1875	6.29022
1876	6.28549
1877	6.28424
1878	6.27562
1879	6.26806
1880	6.2656
1881	6.26453
1882	6.26442
1883	6.26693
1884	6.27328
1885	6.27994
1886	6.29036
1887	6.29275
1888	6.29568
1889	6.29217
1890	6.29172
1891	6.29508
1892	6.29437
1893	6.29509
1894	6.29488
1895	6.28512
1896	6.28607
1897	6.27614
1898	6.26672
1899	6.26717
1900	6.26712
1901	6.26765
1902	6.26825
1903	6.2779
1904	6.28737
1905	6.29825
1906	6.29545
1907	6.29631
1908	6.30561
1909	6.31703
1910	6.31792
1911	6.31581
1912	6.31506
1913	6.31789
1914	6.32291
1915	6.32024
1916	6.31912
1917	6.31723
1918	6.32237
1919	6.32312
1920	6.32613
1921	6.32336
1922	6.3235
1923	6.32567
1924	6.32932
1925	6.33979
1926	6.34781
1927	6.35939
1928	6.36863
1929	6.37161
1930	6.37114
1931	6.37472
1932	6.37445
1933	6.37427
1934	6.37278
1935	6.38449
1936	6.38432
1937	6.37709
1938	6.37579
1939	6.37395
1940	6.38612
1941	6.38765
1942	6.37713
1943	6.37259
1944	6.37287
1945	6.37223
1946	6.37362
1947	6.37588
1948	6.38602
1949	6.38543
1950	6.38474
1951	6.38511
1952	6.38536
1953	6.38991
1954	6.39292
1955	6.40193
1956	6.40267
1957	6.39997
1958	6.39987
1959	6.39793
1960	6.3989
1961	6.39934
1962	6.40165
1963	6.41059
1964	6.41626
1965	6.41768
1966	6.41456
1967	6.41661
1968	6.41592
1969	6.41467
1970	6.41523
1971	6.41496
1972	6.42616
1973	6.42841
1974	6.42394
1975	6.4212
1976	6.40849
1977	6.39173
1978	6.38503
1979	6.38389
1980	6.37529
1981	6.36774
1982	6.36506
1983	6.3768
1984	6.38774
1985	6.39753
1986	6.40279
1987	6.41049
1988	6.42071
1989	6.43741
1990	6.44653
1991	6.44424
1992	6.44483
1993	6.44839
1994	6.46417
1995	6.47164
1996	6.47124
1997	6.46844
1998	6.47007
1999	6.48405
2000	6.49862
2001	6.51395
2002	6.51779
2003	6.50718
2004	6.50752
2005	6.50576
2006	6.49849
2007	6.49679
2008	6.48103
2009	6.48006
2010	6.47175
2011	6.46267
2012	6.46233
2013	6.45898
2014	6.45697
2015	6.4572
2016	6.45579
2017	6.45664
2018	6.44828
2019	6.44847
2020	6.4453
2021	6.4446
2022	6.44507
2023	6.44561
2024	6.44209
2025	6.43063
2026	6.42181
2027	6.40937
2028	6.40037
2029	6.39678
2030	6.39679
2031	6.39449
2032	6.39556
2033	6.3941
2034	6.39417
2035	6.38249
2036	6.37869
2037	6.37819
2038	6.38076
2039	6.38156
2040	6.36742
2041	6.36578
2042	6.36299
2043	6.36204
2044	6.3607
2045	6.35922
2046	6.35786
2047	6.3575
2048	6.34673
2049	6.34678
2050	6.34631
2051	6.34532
2052	6.34305
2053	6.34057
2054	6.33822
2055	6.33099
2056	6.32999
2057	6.33203
2058	6.33239
2059	6.33206
2060	6.32793
2061	6.32701
2062	6.32302
2063	6.31336
2064	6.30651
2065	6.3069
2066	6.30394
2067	6.30222
2068	6.30256
2069	6.30394
2070	6.30354
2071	6.3035
2072	6.30052
2073	6.3026
2074	6.30219
2075	6.30557
2076	6.30466
2077	6.3057
2078	6.306
2079	6.32013
2080	6.32826
2081	6.32804
2082	6.32833
2083	6.31301
2084	6.29657
2085	6.28356
2086	6.26597
2087	6.25648
2088	6.24416
2089	6.22852
2090	6.21922
2091	6.21877
2092	6.21783
2093	6.21304
2094	6.19894
2095	6.19103
2096	6.19051
2097	6.19016
2098	6.18922
2099	6.18607
2100	6.18501
2101	6.18166
2102	6.18397
2103	6.18547
2104	6.17696
2105	6.17186
2106	6.16493
2107	6.15601
2108	6.15506
2109	6.14412
2110	6.14641
2111	6.16285
2112	6.17353
2113	6.18901
2114	6.19619
2115	6.20244
2116	6.21238
2117	6.2147
2118	6.22292
2119	6.22549
2120	6.23377
2121	6.2339
2122	6.23309
2123	6.24436
2124	6.25905
2125	6.27579
2126	6.28424
2127	6.28885
2128	6.28901
2129	6.28951
2130	6.28871
2131	6.30146
2132	6.3159
2133	6.33074
2134	6.33818
2135	6.33918
2136	6.34616
2137	6.35375
2138	6.36239
2139	6.36896
2140	6.38522
2141	6.39167
2142	6.39257
2143	6.40046
2144	6.41046
2145	6.42903
2146	6.43992
2147	6.44095
2148	6.45933
2149	6.47907
2150	6.49703
2151	6.50469
2152	6.50755
2153	6.50782
2154	6.50989
2155	6.50821
2156	6.50929
2157	6.51131
2158	6.51751
2159	6.51653
2160	6.52075
2161	6.52126
2162	6.52034
2163	6.51844
2164	6.52002
2165	6.52112
2166	6.52464
2167	6.52507
2168	6.5243
2169	6.52326
2170	6.5248
2171	6.52782
2172	6.5343
2173	6.54423
2174	6.55219
2175	6.56137
2176	6.56523
2177	6.56463
2178	6.56314
2179	6.54955
2180	6.54478
2181	6.5452
2182	6.55212
2183	6.55848
2184	6.55901
2185	6.56116
2186	6.56757
2187	6.57845
2188	6.58841
2189	6.60673
2190	6.60745
2191	6.60685
2192	6.60748
2193	6.60848
2194	6.60854
2195	6.60889
2196	6.60914
2197	6.6097
2198	6.61043
2199	6.60422
2200	6.58888
2201	6.57695
2202	6.56981
2203	6.57866
2204	6.57933
2205	6.57523
2206	6.57698
2207	6.57706
2208	6.57732
2209	6.57713
2210	6.57986
2211	6.56167
2212	6.54928
2213	6.53287
2214	6.52682
2215	6.53377
2216	6.53566
2217	6.55219
2218	6.55285
2219	6.56669
2220	6.56199
2221	6.56314
2222	6.56131
2223	6.54719
2224	6.53506
2225	6.51649
2226	6.50904
2227	6.50449
2228	6.5043
2229	6.50375
2230	6.50339
2231	6.48789
2232	6.47357
2233	6.45936
2234	6.4663
2235	6.47368
2236	6.46549
2237	6.45768
2238	6.44715
2239	6.44024
2240	6.42398
2241	6.41628
2242	6.41599
2243	6.40893
2244	6.40118
2245	6.3836
2246	6.37295
2247	6.37139
2248	6.36228
2249	6.34564
2250	6.34048
2251	6.33496
2252	6.33365
2253	6.33365
2254	6.33267
2255	6.34613
2256	6.35468
2257	6.35144
2258	6.35052
2259	6.35161
2260	6.35494
2261	6.35434
2262	6.3557
2263	6.35836
2264	6.35744
2265	6.35611
2266	6.36101
2267	6.36982
2268	6.3797
2269	6.38772
2270	6.39896
2271	6.40146
2272	6.39517
2273	6.39063
2274	6.3869
2275	6.37665
2276	6.37253
2277	6.37425
2278	6.37567
2279	6.37418
2280	6.38323
2281	6.38813
2282	6.3804
2283	6.37568
2284	6.3742
2285	6.36942
2286	6.36912
2287	6.36242
2288	6.36023
2289	6.35304
2290	6.36461
2291	6.37526
2292	6.38347
2293	6.39689
2294	6.40892
2295	6.41054
2296	6.41426
2297	6.41381
2298	6.41345
2299	6.4068
2300	6.4244
2301	6.43957
2302	6.45324
2303	6.45086
2304	6.44874
2305	6.46003
2306	6.47712
2307	6.49653
2308	6.50623
2309	6.52426
2310	6.52994
2311	6.54706
2312	6.56475
2313	6.58321
2314	6.58388
2315	6.56945
2316	6.55803
2317	6.53843
2318	6.52969
2319	6.51161
2320	6.517
2321	6.5193
2322	6.5197
2323	6.51995
2324	6.51573
2325	6.51637
2326	6.5142
2327	6.51253
2328	6.5127
2329	6.52611
2330	6.53304
2331	6.53526
2332	6.53513
2333	6.53593
2334	6.52052
2335	6.51973
2336	6.51811
2337	6.51781
2338	6.52724
2339	6.53172
2340	6.53309
2341	6.53356
2342	6.53281
2343	6.53254
2344	6.5306
2345	6.54383
2346	6.55143
2347	6.55196
2348	6.54723
2349	6.54682
2350	6.53503
2351	6.53523
2352	6.53807
2353	6.53804
2354	6.54708
2355	6.53482
2356	6.52993
2357	6.53784
2358	6.53302
2359	6.53601
2360	6.53344
2361	6.53881
2362	6.53907
2363	6.54247
2364	6.54358
2365	6.54075
2366	6.53475
2367	6.52551
2368	6.51525
2369	6.50456
2370	6.49506
2371	6.48863
2372	6.48021
2373	6.47027
2374	6.46646
2375	6.46558
2376	6.46438
2377	6.46375
2378	6.46376
2379	6.46405
2380	6.45199
2381	6.44711
2382	6.44811
2383	6.44715
2384	6.44798
2385	6.45753
2386	6.4582
2387	6.4541
2388	6.44743
2389	6.43646
2390	6.42476
2391	6.41389
2392	6.40457
2393	6.39013
2394	6.37831
2395	6.3839
2396	6.38407
2397	6.39928
2398	6.41654
2399	6.435
2400	6.43456
2401	6.42829
2402	6.414
2403	6.40615
2404	6.40642
2405	6.40406
2406	6.3861
2407	6.36604
2408	6.35602
2409	6.33745
2410	6.32185
2411	6.30477
2412	6.2884
2413	6.27056
2414	6.26869
2415	6.26756
2416	6.27465
2417	6.28143
2418	6.28219
2419	6.29427
2420	6.29395
2421	6.29721
2422	6.30825
2423	6.31091
2424	6.32425
2425	6.33153
2426	6.34228
2427	6.35529
2428	6.36626
2429	6.35344
2430	6.34863
2431	6.34853
2432	6.3477
2433	6.34674
2434	6.35061
2435	6.34297
2436	6.34467
2437	6.3518
2438	6.35891
2439	6.35673
2440	6.3564
2441	6.3598
2442	6.37508
2443	6.38459
2444	6.3851
2445	6.37239
2446	6.36579
2447	6.36821
2448	6.36374
2449	6.36027
2450	6.35979
2451	6.35678
2452	6.35372
2453	6.35273
2454	6.34471
2455	6.34487
2456	6.34105
2457	6.33495
2458	6.34661
2459	6.34668
2460	6.35672
2461	6.35768
2462	6.35804
2463	6.35607
2464	6.3629
2465	6.37404
2466	6.37659
2467	6.3777
2468	6.37852
2469	6.37989
2470	6.37672
2471	6.37687
2472	6.37616
2473	6.3755
2474	6.37446
2475	6.37588
2476	6.3851
2477	6.39342
2478	6.39864
2479	6.39875
2480	6.39952
2481	6.39817
2482	6.39894
2483	6.40071
2484	6.40134
2485	6.39545
2486	6.39162
2487	6.39134
2488	6.39003
2489	6.39063
2490	6.39027
2491	6.39049
2492	6.38905
2493	6.39307
2494	6.39298
2495	6.39069
2496	6.39924
2497	6.38329
2498	6.36589
2499	6.34989
2500	6.33884
2501	6.32981
2502	6.33505
2503	6.33609
2504	6.33583
2505	6.32769
2506	6.32924
2507	6.33087
2508	6.33112
2509	6.33448
2510	6.33418
2511	6.33622
2512	6.34952
2513	6.35345
2514	6.35314
2515	6.35489
2516	6.34869
2517	6.34647
2518	6.34617
2519	6.34459
2520	6.34001
2521	6.33512
2522	6.32543
2523	6.323
2524	6.3112
2525	6.30394
2526	6.29884
2527	6.28953
2528	6.27902
2529	6.28113
2530	6.28106
2531	6.29559
2532	6.31082
2533	6.32228
2534	6.33341
2535	6.34375
2536	6.36078
2537	6.36968
2538	6.36958
2539	6.37784
2540	6.38735
2541	6.39956
2542	6.39627
2543	6.39547
2544	6.41294
2545	6.42812
2546	6.44033
2547	6.44866
2548	6.45439
2549	6.4647
2550	6.47562
2551	6.47606
2552	6.47957
2553	6.48097
2554	6.48174
2555	6.48211
2556	6.48181
2557	6.48297
2558	6.4699
2559	6.46681
2560	6.45425
2561	6.46093
2562	6.47207
2563	6.47406
2564	6.46644
2565	6.45742
2566	6.45424
2567	6.46519
2568	6.46798
2569	6.46844
2570	6.46968
2571	6.46913
2572	6.47002
2573	6.47142
2574	6.47235
2575	6.47054
2576	6.46364
2577	6.45504
2578	6.44861
2579	6.44722
2580	6.44664
2581	6.44844
2582	6.44759
2583	6.44668
2584	6.44598
2585	6.44207
2586	6.44294
2587	6.44321
2588	6.44324
2589	6.4435
2590	6.44389
2591	6.44337
2592	6.44618
2593	6.45666
2594	6.462
2595	6.45864
2596	6.44829
2597	6.46069
2598	6.4641
2599	6.46413
2600	6.46499
2601	6.47824
2602	6.48762
2603	6.50013
2604	6.50818
2605	6.50805
2606	6.50658
2607	6.50677
2608	6.50597
2609	6.50449
2610	6.50379
2611	6.50255
2612	6.48709
2613	6.48253
2614	6.4821
2615	6.4909
2616	6.49217
2617	6.48836
2618	6.48723
2619	6.49398
2620	6.50205
2621	6.51766
2622	6.52865
2623	6.54151
2624	6.54504
2625	6.55346
2626	6.55237
2627	6.55021
2628	6.55192
2629	6.56562
2630	6.57249
2631	6.57283
2632	6.56454
2633	6.55296
2634	6.53738
2635	6.52701
2636	6.51117
2637	6.49523
2638	6.48037
2639	6.47518
2640	6.46704
2641	6.45127
2642	6.43978
2643	6.43074
2644	6.41407
2645	6.40198
2646	6.39004
2647	6.37865
2648	6.38714
2649	6.38585
2650	6.37529
2651	6.37647
2652	6.37396
2653	6.37313
2654	6.37187
2655	6.37147
2656	6.37076
2657	6.37756
2658	6.37899
2659	6.37868
2660	6.38179
2661	6.36775
2662	6.35589
2663	6.3526
2664	6.35279
2665	6.3553
2666	6.37329
2667	6.3707
2668	6.36775
2669	6.36832
2670	6.38138
2671	6.39953
2672	6.41846
2673	6.4369
2674	6.45477
2675	6.46722
2676	6.4858
2677	6.50101
2678	6.51979
2679	6.53146
2680	6.54574
2681	6.55767
2682	6.57137
2683	6.59082
2684	6.60513
2685	6.61908
2686	6.63629
2687	6.65013
2688	6.67066
2689	6.68371
2690	6.70052
2691	6.7183
2692	6.73184
2693	6.73522
2694	6.74762
2695	6.76063
2696	6.77581
2697	6.78238
2698	6.79766
2699	6.81149
2700	6.81636
2701	6.81906
2702	6.81346
2703	6.80411
2704	6.81392
2705	6.82471
2706	6.8463
2707	6.86577
2708	6.88087
2709	6.88652
2710	6.89791
2711	6.89792
2712	6.91813
2713	6.93506
2714	6.94928
2715	6.94476
2716	6.95854
2717	6.97736
2718	6.98953
2719	6.97672
2720	6.97875
2721	6.97743
2722	6.97856
2723	6.98556
2724	6.99325
2725	6.99074
2726	6.99697
2727	7.01403
2728	7.03066
2729	7.03178
2730	7.03382
2731	7.01617
2732	7.01544
2733	7.02785
2734	7.03873
2735	7.05123
2736	7.06323
2737	7.07853
2738	7.08601
2739	7.09688
2740	7.11511
2741	7.12523
2742	7.14483
2743	7.15609
2744	7.17294
2745	7.19166
2746	7.20336
2747	7.21412
2748	7.19725
2749	7.18678
2750	7.18721
2751	7.18733
2752	7.18684
2753	7.18715
2754	7.191
2755	7.19118
2756	7.20119
2757	7.2007
2758	7.20858
2759	7.22945
2760	7.24871
2761	7.2679
2762	7.27265
2763	7.28731
2764	7.28508
2765	7.283
2766	7.2612
2767	7.25019
2768	7.24924
2769	7.25022
2770	7.23334
2771	7.21045
2772	7.18675
2773	7.16548
2774	7.14326
2775	7.14428
2776	7.13379
2777	7.11587
2778	7.09461
2779	7.0816
2780	7.06523
2781	7.04788
2782	7.03345
2783	7.01433
2784	7.01286
2785	7.00969
2786	6.99234
2787	6.97923
2788	6.97346
2789	6.96763
2790	6.95017
2791	6.94356
2792	6.93749
2793	6.93097
2794	6.92365
2795	6.91889
2796	6.90233
2797	6.88607
2798	6.87729
2799	6.87984
2800	6.87626
2801	6.8649
2802	6.86196
2803	6.86658
2804	6.8508
2805	6.84967
2806	6.83067
2807	6.81123
2808	6.79646
2809	6.79133
2810	6.78271
2811	6.78228
2812	6.76755
2813	6.75242
2814	6.75117
2815	6.74528
2816	6.73047
2817	6.71172
2818	6.69904
2819	6.69086
2820	6.67521
2821	6.65927
2822	6.64736
2823	6.62866
2824	6.61682
2825	6.6099
2826	6.6004
2827	6.58629
2828	6.56784
2829	6.5512
2830	6.5423
2831	6.54159
2832	6.53412
2833	6.53571
2834	6.53273
2835	6.5224
2836	6.50991
2837	6.49646
2838	6.48974
2839	6.47595
2840	6.45997
2841	6.45206
2842	6.4359
2843	6.43193
2844	6.41891
2845	6.40323
2846	6.39448
2847	6.38615
2848	6.38678
2849	6.38887
2850	6.3885
2851	6.38768
2852	6.38651
2853	6.38693
2854	6.38536
2855	6.38573
2856	6.37839
2857	6.37145
2858	6.36456
2859	6.34886
2860	6.33304
2861	6.32056
2862	6.32698
2863	6.32638
2864	6.3282
2865	6.3319
2866	6.33852
2867	6.33878
2868	6.34076
2869	6.34961
2870	6.35763
2871	6.36588
2872	6.36602
2873	6.37185
2874	6.37209
2875	6.35852
2876	6.34812
2877	6.36075
2878	6.3677
2879	6.36783
2880	6.37429
2881	6.38235
2882	6.38488
2883	6.39309
2884	6.39311
2885	6.39071
2886	6.39512
2887	6.39882
2888	6.4023
2889	6.41104
2890	6.4295
2891	6.43062
2892	6.43859
2893	6.43844
2894	6.44441
2895	6.45417
2896	6.4709
2897	6.4861
2898	6.4945
2899	6.4878
2900	6.49625
2901	6.50063
2902	6.51152
2903	6.51707
2904	6.53375
2905	6.539
2906	6.54876
2907	6.56059
2908	6.57846
2909	6.59521
2910	6.60358
2911	6.607
2912	6.6045
2913	6.61791
2914	6.60931
2915	6.61791
2916	6.6217
2917	6.62683
2918	6.63278
2919	6.64942
2920	6.65924
2921	6.65854
2922	6.65794
2923	6.65755
2924	6.66538
2925	6.67634
2926	6.68688
2927	6.68509
2928	6.6875
2929	6.68814
2930	6.6889
2931	6.68954
2932	6.69115
2933	6.67847
2934	6.67243
2935	6.68441
2936	6.69628
2937	6.71191
2938	6.72085
2939	6.7261
2940	6.73595
2941	6.7468
2942	6.75792
2943	6.76657
2944	6.78239
2945	6.79866
2946	6.80861
2947	6.80947
2948	6.81014
2949	6.82191
2950	6.83534
2951	6.83607
2952	6.83922
2953	6.83848
2954	6.83847
2955	6.83767
2956	6.83951
2957	6.83925
2958	6.839
2959	6.83937
2960	6.83721
2961	6.83956
2962	6.82806
2963	6.8155
2964	6.81583
2965	6.81124
2966	6.80332
2967	6.80431
2968	6.8042
