frame_no	rate
0	inf
1	44.9613
2	34.5367
3	31.4421
4	29.8457
5	28.8131
6	28.2567
7	27.8698
8	27.5767
9	27.3266
10	27.0698
11	26.888
12	26.7625
13	26.6627
14	26.5735
15	26.4967
16	26.4293
17	25.1375
18	24.5107
19	23.7227
20	23.3288
21	23.123
22	23.0541
23	23.0491
24	23.0892
25	23.1573
26	23.2333
27	23.3033
28	23.3597
29	23.4152
30	23.4534
31	23.5124
32	23.5653
33	23.6195
34	23.6469
35	23.6936
36	23.7409
37	23.7737
38	23.4047
39	23.1569
40	23.0278
41	22.9701
42	22.9275
43	22.9794
44	23.0208
45	23.0561
46	23.0929
47	23.1345
48	23.1747
49	23.2131
50	23.2479
51	23.2846
52	23.3216
53	23.355
54	23.3847
55	23.414
56	23.2311
57	23.1461
58	23.1068
59	23.1114
60	23.1206
61	23.1376
62	23.1617
63	23.184
64	23.2123
65	23.24
66	23.2703
67	23.2691
68	23.2784
69	23.3031
70	23.3285
71	23.348
72	23.2382
73	23.1721
74	23.1386
75	23.1341
76	23.144
77	23.168
78	23.193
79	23.2097
80	23.1577
81	23.139
82	23.1409
83	23.1575
84	23.18
85	23.2023
86	23.2266
87	23.2503
88	23.2721
89	23.2938
90	23.3126
91	23.191
92	23.1221
93	23.095
94	23.0861
95	23.0868
96	23.1006
97	23.1209
98	23.1404
99	23.16
100	22.95
101	22.9749
102	22.9899
103	22.9799
104	22.8506
105	22.7526
106	22.6859
107	22.6416
108	22.611
109	22.5826
110	22.5702
111	22.5614
112	22.5584
113	22.5494
114	22.5454
115	22.5442
116	22.5419
117	22.7102
118	22.8119
119	22.9558
120	23.0477
121	23.1071
122	23.1398
123	23.161
124	23.1671
125	23.167
126	23.1649
127	23.1617
128	23.1629
129	23.1599
130	23.1609
131	23.1584
132	23.1555
133	23.1494
134	23.1501
135	23.1449
136	23.1368
137	23.1361
138	23.2872
139	23.4025
140	23.4786
141	23.5279
142	23.5679
143	23.5683
144	23.5666
145	23.5703
146	23.5733
147	23.5732
148	23.5737
149	23.5747
150	23.569
151	23.5662
152	23.5594
153	23.5568
154	23.5497
155	23.5418
156	23.6523
157	23.579
158	23.433
159	23.3374
160	23.2634
161	23.225
162	23.191
163	23.1702
164	23.1566
165	23.1494
166	23.1393
167	23.1509
168	23.1546
169	23.1488
170	23.1419
171	23.1359
172	23.2246
173	23.2854
174	23.3237
175	23.2324
176	23.1503
177	23.0903
178	23.0428
179	23.0197
180	23.0589
181	23.0882
182	23.1031
183	23.0996
184	23.0948
185	23.0899
186	23.0763
187	22.9102
188	22.8192
189	22.761
190	22.7222
191	22.8282
192	22.902
193	22.9432
194	22.8728
195	22.8102
196	22.7697
197	22.7452
198	22.735
199	22.7327
200	22.7311
201	22.7311
202	22.7301
203	22.7427
204	22.8737
205	22.9754
206	23.029
207	23.0728
208	23.103
209	23.1325
210	23.1511
211	23.1639
212	23.1681
213	23.1779
214	23.1835
215	23.1876
216	23.1932
217	23.0079
218	22.8695
219	22.8193
220	22.7961
221	22.7887
222	22.7846
223	22.7901
224	22.7952
225	22.8059
226	22.8088
227	22.8196
228	22.8277
229	22.8398
230	22.8474
231	22.8588
232	22.8622
233	22.7119
234	22.5705
235	22.3831
236	22.1072
237	21.8258
238	21.5924
239	21.3983
240	21.241
241	21.1036
242	21.0135
243	20.9676
244	20.9383
245	20.929
246	20.9325
247	20.9468
248	20.9617
249	20.9751
250	20.9977
251	21.0138
252	21.034
253	21.0535
254	21.0786
255	21.103
256	21.1363
257	21.2748
258	21.4556
259	21.5757
260	21.6765
261	21.7431
262	21.8029
263	21.8523
264	21.8921
265	21.9276
266	21.9646
267	22.0008
268	22.0412
269	22.0799
270	22.116
271	22.1591
272	22.1984
273	22.2412
274	22.1428
275	22.1944
276	22.257
277	22.3069
278	22.3625
279	22.4103
280	22.4527
281	22.4866
282	22.5212
283	22.5685
284	22.6121
285	22.6591
286	22.7122
287	22.9161
288	23.0516
289	23.1523
290	23.1478
291	23.1325
292	23.1283
293	23.1333
294	23.2646
295	23.395
296	23.4932
297	23.5741
298	23.6391
299	23.6969
300	23.7508
301	23.809
302	23.8677
303	23.9272
304	23.9921
305	24.06
306	24.1404
307	24.2073
308	24.2749
309	24.3232
310	24.3889
311	24.4574
312	24.5235
313	24.5897
314	24.6595
315	24.7234
316	24.7877
317	25.0778
318	25.3188
319	25.4626
320	25.5444
321	25.6325
322	25.7173
323	25.7881
324	25.8612
325	25.9302
326	26.0074
327	26.0785
328	26.1542
329	26.2277
330	26.3088
331	26.3769
332	26.4548
333	26.7509
334	27.0472
335	27.4126
336	27.9377
337	28.5018
338	29.0119
339	29.4803
340	29.8879
341	30.2695
342	30.5739
343	30.7846
344	30.9634
345	31.1068
346	31.2085
347	31.2877
348	31.3444
349	31.4146
350	31.4807
351	31.5539
352	31.6341
353	31.7103
354	31.7845
355	31.8629
356	31.9283
357	31.9853
358	32.0445
359	32.1005
360	32.1571
361	32.2133
362	32.2685
363	32.3215
364	32.3735
365	32.4145
366	32.467
367	32.5239
368	32.5711
369	32.6189
370	32.6721
371	32.7217
372	32.7795
373	32.8266
374	33.177
375	33.4229
376	33.6166
377	33.7628
378	33.8745
379	33.9707
380	34.0576
381	34.1262
382	34.1854
383	34.2368
384	34.2759
385	34.3253
386	34.3539
387	34.3832
388	34.4269
389	34.4708
390	34.7102
391	34.6755
392	34.6731
393	34.6944
394	34.6833
395	34.6635
396	34.6068
397	34.6086
398	34.6265
399	34.6358
400	34.6638
401	34.6705
402	34.6763
403	34.6817
404	34.6746
405	34.6799
406	34.6753
407	34.6787
408	34.6798
409	34.7147
410	34.7163
411	34.713
412	34.6756
413	34.552
414	34.3898
415	34.289
416	34.2188
417	34.1692
418	34.1285
419	34.0965
420	34.1287
421	34.1278
422	34.1131
423	34.1006
424	34.0965
425	34.0886
426	34.0915
427	34.0896
428	34.0736
429	34.0614
430	34.0457
431	34.0395
432	34.0361
433	34.0227
434	34.0058
435	34.0053
436	33.9804
437	33.745
438	33.5958
439	33.4695
440	33.36
441	33.2612
442	33.1588
443	33.1015
444	33.0685
445	33.0269
446	33.0086
447	32.9888
448	33.0032
449	32.992
450	32.983
451	32.9966
452	33.0025
453	32.9954
454	32.9897
455	32.9766
456	32.9691
457	32.8265
458	32.7796
459	32.7737
460	32.7788
461	32.7809
462	32.7944
463	32.8028
464	32.8099
465	32.8296
466	32.8306
467	32.8316
468	32.835
469	32.8303
470	32.8392
471	32.8375
472	32.8401
473	32.8428
474	32.847
475	32.8478
476	32.8421
477	32.846
478	32.8467
479	32.8359
480	32.7974
481	32.8017
482	32.8086
483	32.8024
484	32.8105
485	32.6283
486	32.5169
487	32.4409
488	32.3704
489	32.3301
490	32.3076
491	32.5083
492	32.6478
493	32.7432
494	32.8212
495	32.8745
496	32.955
497	32.9731
498	32.9795
499	32.9894
500	32.9941
501	33.0067
502	33.0169
503	33.0256
504	33.0378
505	33.0374
506	33.0459
507	33.0313
508	32.8179
509	32.6935
510	32.5974
511	32.5252
512	32.5034
513	32.5781
514	32.6958
515	32.7346
516	32.7924
517	32.825
518	32.8574
519	32.886
520	32.895
521	32.8959
522	32.9119
523	32.9235
524	32.9321
525	32.9355
526	32.928
527	32.9244
528	32.9294
529	32.9355
530	32.7904
531	32.6525
532	32.5635
533	32.4992
534	32.4815
535	32.467
536	32.4747
537	32.6856
538	32.8283
539	32.9303
540	33.0358
541	33.1213
542	33.2168
543	33.2527
544	33.283
545	33.3096
546	33.3269
547	33.3403
548	33.3383
549	33.2712
550	33.2397
551	33.1997
552	33.1684
553	33.1529
554	33.1403
555	33.141
556	33.1429
557	33.2885
558	33.3326
559	33.339
560	33.3394
561	33.3352
562	33.3207
563	33.3129
564	33.3161
565	33.3048
566	33.3112
567	33.3042
568	33.2938
569	33.2928
570	33.2805
571	33.274
572	33.2603
573	33.2575
574	33.262
575	33.2526
576	33.2396
577	33.2285
578	33.2147
579	33.2069
580	33.2338
581	33.2306
582	33.2163
583	33.214
584	33.219
585	33.4075
586	33.5445
587	33.6413
588	33.7173
589	33.771
590	33.7934
591	33.8132
592	33.8208
593	33.8333
594	33.9418
595	33.9348
596	33.9312
597	33.9183
598	33.9111
599	33.9047
600	33.9035
601	33.8939
602	33.8805
603	33.8734
604	33.8606
605	33.8633
606	33.8588
607	33.875
608	34.1063
609	34.2305
610	34.3455
611	34.4235
612	34.4783
613	34.5176
614	34.5515
615	34.619
616	34.6386
617	34.6497
618	34.6045
619	34.6081
620	34.6025
621	34.6094
622	34.603
623	34.6153
624	34.6148
625	34.6159
626	34.6271
627	34.6383
628	34.629
629	34.6292
630	34.794
631	34.9597
632	35.0725
633	35.1615
634	35.192
635	35.211
636	35.2283
637	35.2215
638	35.2064
639	35.2145
640	35.1581
641	35.167
642	35.1744
643	35.1858
644	35.1962
645	35.2085
646	35.2234
647	35.2332
648	35.2495
649	35.3568
650	35.4196
651	35.4697
652	35.5061
653	35.5373
654	35.5612
655	35.5817
656	35.589
657	35.605
658	35.6237
659	35.6418
660	35.6521
661	35.665
662	35.6808
663	35.6875
664	35.6933
665	35.459
666	35.2875
667	35.1682
668	35.0875
669	35.0298
670	34.9812
671	34.9413
672	34.9117
673	34.882
674	34.8615
675	34.8578
676	34.8543
677	34.8642
678	34.8703
679	34.8755
680	34.8818
681	34.8761
682	34.8849
683	34.8931
684	34.8842
685	34.8717
686	34.8576
687	34.8532
688	34.6932
689	34.5899
690	34.52
691	34.4656
692	34.4258
693	34.3847
694	34.2498
695	34.2548
696	34.2559
697	34.2747
698	34.2828
699	34.2918
700	34.2898
701	34.2988
702	34.3172
703	34.3291
704	34.3504
705	34.3515
706	34.3597
707	34.3655
708	34.3668
709	34.3903
710	34.3905
711	34.4
712	34.4176
713	34.3104
714	34.1457
715	34.0438
716	33.9823
717	33.9456
718	33.9639
719	33.9388
720	33.9253
721	33.879
722	33.8751
723	33.8713
724	33.8754
725	33.874
726	33.8735
727	33.8769
728	33.8926
729	33.9003
730	33.9147
731	33.9197
732	33.9239
733	33.9295
734	33.9395
735	33.9485
736	33.95
737	33.9611
738	33.9726
739	33.9845
740	34.044
741	34.0566
742	34.0582
743	34.0678
744	34.073
745	34.077
746	34.0669
747	34.0737
748	34.0788
749	34.0791
750	34.0883
751	34.0797
752	34.0849
753	34.0812
754	34.0838
755	34.0754
756	34.077
757	34.0733
758	34.048
759	33.8599
760	33.7582
761	33.7423
762	33.7399
763	33.7546
764	33.757
765	33.9778
766	34.1319
767	34.2476
768	34.3433
769	34.4195
770	34.4726
771	34.2966
772	34.1829
773	34.0968
774	34.0347
775	33.9949
776	33.9788
777	33.9613
778	33.9586
779	33.8108
780	33.7006
781	33.6121
782	33.5563
783	33.5664
784	33.5643
785	33.5508
786	33.5554
787	33.5512
788	33.694
789	33.7816
790	33.8555
791	33.9125
792	33.9244
793	33.972
794	33.9937
795	33.9708
796	33.9476
797	33.9146
798	33.8844
799	33.8649
800	33.8023
801	33.7719
802	33.746
803	33.7191
804	33.6887
805	33.6743
806	33.6498
807	33.621
808	33.6037
809	33.4613
810	33.3391
811	33.2421
812	33.1717
813	33.1195
814	33.0719
815	33.0058
816	32.9437
817	32.9126
818	32.8879
819	32.8718
820	32.8661
821	32.8839
822	32.8814
823	32.8597
824	32.8062
825	32.7951
826	32.7709
827	32.7367
828	32.7132
829	32.6884
830	32.6548
831	32.6313
832	32.6036
833	32.5701
834	32.5347
835	32.5127
836	32.4862
837	32.4674
838	32.442
839	32.4044
840	32.3744
841	32.3436
842	32.3151
843	32.288
844	32.2667
845	32.2387
846	32.229
847	32.2076
848	32.186
849	32.1651
850	32.1417
851	32.1274
852	32.0908
853	32.0349
854	31.8316
855	31.7015
856	31.6003
857	31.5194
858	31.4706
859	31.5812
860	31.6291
861	31.6182
862	31.5986
863	31.575
864	31.5521
865	31.5304
866	31.499
867	31.4891
868	31.4607
869	31.3155
870	31.2135
871	31.3234
872	31.3924
873	31.4132
874	31.409
875	31.3642
876	31.2038
877	31.0767
878	30.9729
879	31.0141
880	31.0426
881	31.064
882	31.0604
883	31.0005
884	30.9619
885	30.9307
886	30.8846
887	30.8508
888	30.8143
889	30.7766
890	30.7353
891	30.6929
892	30.6066
893	30.47
894	30.3668
895	30.2938
896	30.2332
897	30.1833
898	30.143
899	30.1271
900	30.15
901	30.118
902	30.085
903	30.0645
904	30.0435
905	30.0152
906	29.9927
907	29.9759
908	29.9528
909	30.0287
910	30.0869
911	30.1295
912	30.1737
913	30.2673
914	30.3985
915	30.4965
916	30.3667
917	30.2566
918	30.1772
919	30.1115
920	30.0561
921	30.0028
922	29.9554
923	29.9199
924	29.9202
925	29.8938
926	29.8712
927	29.824
928	29.7978
929	29.7405
930	29.6997
931	29.6606
932	29.6375
933	29.6201
934	29.6046
935	29.5812
936	29.5578
937	29.534
938	29.5099
939	29.4996
940	29.4722
941	29.448
942	29.4262
943	29.407
944	29.3808
945	29.356
946	29.3283
947	29.3055
948	29.2816
949	29.2532
950	29.2282
951	29.2059
952	29.1926
953	29.2038
954	29.3372
955	29.4151
956	29.4679
957	29.5034
958	29.5217
959	29.5236
960	29.4847
961	29.4685
962	29.3089
963	29.1931
964	29.0983
965	29.0235
966	28.9898
967	28.9658
968	28.9505
969	29.0332
970	29.0882
971	29.118
972	29.1014
973	28.9833
974	28.9079
975	28.7925
976	28.8104
977	28.8238
978	28.8325
979	28.8072
980	28.6781
981	28.5921
982	28.5255
983	28.4707
984	28.4351
985	28.4141
986	28.4004
987	28.3899
988	28.3854
989	28.384
990	28.2075
991	28.0908
992	28.0762
993	28.0926
994	28.1088
995	28.1331
996	28.1637
997	28.1879
998	28.209
999	28.1987
1000	28.1874
1001	28.2046
1002	28.2157
1003	28.2199
1004	28.2204
1005	28.2206
1006	28.2232
1007	28.2206
1008	28.2164
1009	28.2121
1010	28.2089
1011	28.2049
1012	28.1798
1013	28.1727
1014	28.1678
1015	28.1416
1016	28.1862
1017	28.2099
1018	28.2169
1019	28.2086
1020	28.2032
1021	28.2003
1022	28.1929
1023	28.0275
1024	27.9065
1025	27.8122
1026	27.7431
1027	27.7192
1028	27.5853
1029	27.5633
1030	27.5448
1031	27.559
1032	27.5614
1033	27.5608
1034	27.562
1035	27.559
1036	27.564
1037	27.5642
1038	27.5685
1039	27.5593
1040	27.5671
1041	27.5731
1042	27.5678
1043	27.5675
1044	27.5721
1045	27.5583
1046	27.5408
1047	27.5449
1048	27.5467
1049	27.5547
1050	27.555
1051	27.5565
1052	27.556
1053	27.5543
1054	27.5554
1055	27.5571
1056	27.5548
1057	27.5539
1058	27.5567
1059	27.5608
1060	27.5946
1061	27.4482
1062	27.4789
1063	27.4911
1064	27.5036
1065	27.5196
1066	27.5183
1067	27.504
1068	27.3414
1069	27.2252
1070	27.1441
1071	27.0163
1072	26.9556
1073	27.0004
1074	27.021
1075	27.1142
1076	27.1823
1077	27.2333
1078	27.2677
1079	27.3217
1080	27.4549
1081	27.5368
1082	27.6016
1083	27.6455
1084	27.6765
1085	27.6867
1086	27.6969
1087	27.6969
1088	27.6936
1089	27.6867
1090	27.8404
1091	27.9403
1092	28.0028
1093	28.0433
1094	28.0716
1095	28.0758
1096	28.0727
1097	28.0769
1098	28.0784
1099	28.0814
1100	28.0759
1101	28.0664
1102	28.059
1103	28.051
1104	28.057
1105	28.0542
1106	28.049
1107	28.0509
1108	28.0541
1109	28.0582
1110	28.053
1111	28.0467
1112	28.0474
1113	28.049
1114	28.0438
1115	28.0646
1116	28.1747
1117	28.2584
1118	28.3208
1119	28.3745
1120	28.3912
1121	28.2602
1122	28.1796
1123	28.2904
1124	28.3743
1125	28.4269
1126	28.4693
1127	28.5027
1128	28.6393
1129	28.6945
1130	28.7364
1131	28.733
1132	28.7327
1133	28.7066
1134	28.7036
1135	28.6692
1136	28.5048
1137	28.3916
1138	28.3054
1139	28.2421
1140	28.182
1141	28.1368
1142	28.0513
1143	27.9561
1144	27.8865
1145	27.8675
1146	27.8676
1147	27.8571
1148	27.8508
1149	27.8406
1150	27.8308
1151	27.8181
1152	27.8056
1153	27.7986
1154	27.7895
1155	27.7766
1156	27.7672
1157	27.7604
1158	27.7521
1159	27.7505
1160	27.7498
1161	27.9039
1162	27.9999
1163	28.0741
1164	28.1339
1165	28.0066
1166	27.9176
1167	27.8537
1168	27.9896
1169	28.0861
1170	28.1555
1171	28.2934
1172	28.3737
1173	28.4566
1174	28.5332
1175	28.5829
1176	28.6243
1177	28.6317
1178	28.6411
1179	28.6458
1180	28.6496
1181	28.6538
1182	28.655
1183	28.673
1184	28.5109
1185	28.4116
1186	28.3339
1187	28.2776
1188	28.2118
1189	28.1978
1190	28.1956
1191	28.1962
1192	28.1992
1193	28.212
1194	28.2194
1195	28.2365
1196	28.2229
1197	28.2035
1198	28.1912
1199	28.1909
1200	28.1997
1201	28.209
1202	28.2187
1203	28.2235
1204	28.219
1205	28.2201
1206	28.2269
1207	28.2257
1208	28.2234
1209	28.2125
1210	28.2205
1211	28.2265
1212	28.2263
1213	28.2321
1214	28.081
1215	27.9783
1216	27.9117
1217	27.8687
1218	27.8409
1219	27.8282
1220	27.8434
1221	27.9897
1222	28.0953
1223	28.1585
1224	28.2014
1225	28.2466
1226	28.281
1227	28.2992
1228	28.3124
1229	28.3143
1230	28.3156
1231	28.3172
1232	28.3208
1233	28.3496
1234	28.3567
1235	28.3982
1236	28.5419
1237	28.6615
1238	28.758
1239	28.8374
1240	28.9063
1241	28.9522
1242	29.0562
1243	29.1669
1244	29.2435
1245	29.2894
1246	29.3128
1247	29.3233
1248	29.3344
1249	29.347
1250	29.3627
1251	29.3803
1252	29.3733
1253	29.2776
1254	29.2286
1255	29.2027
1256	29.1897
1257	29.1873
1258	29.1954
1259	29.196
1260	29.1934
1261	29.1911
1262	29.1871
1263	29.1847
1264	29.1786
1265	29.1937
1266	29.2161
1267	29.2298
1268	29.2114
1269	29.1997
1270	29.1883
1271	29.1634
1272	29.0906
1273	29.0119
1274	28.9417
1275	28.8922
1276	28.841
1277	28.8239
1278	28.8092
1279	28.7723
1280	28.7512
1281	28.7618
1282	28.7695
1283	28.7631
1284	28.9311
1285	29.0457
1286	29.1321
1287	29.1973
1288	29.274
1289	29.2948
1290	29.3145
1291	29.3292
1292	29.3386
1293	29.3428
1294	29.342
1295	29.3446
1296	29.3706
1297	29.3571
1298	29.3583
1299	29.3577
1300	29.3513
1301	29.3439
1302	29.3399
1303	29.3417
1304	29.3379
1305	29.3388
1306	29.3367
1307	29.3389
1308	29.34
1309	29.3511
1310	29.3522
1311	29.3537
1312	29.3546
1313	29.3523
1314	29.5271
1315	29.5512
1316	29.6303
1317	29.6782
1318	29.7186
1319	29.7394
1320	29.7499
1321	29.7678
1322	29.7678
1323	29.7685
1324	29.7715
1325	29.7732
1326	29.7688
1327	29.6169
1328	29.5086
1329	29.4402
1330	29.4013
1331	29.3733
1332	29.1259
1333	28.9716
1334	28.6775
1335	28.5256
1336	28.4007
1337	28.2535
1338	27.974
1339	27.5752
1340	27.1853
1341	26.8111
1342	26.444
1343	26.0861
1344	25.739
1345	25.5075
1346	25.283
1347	25.0617
1348	24.9971
1349	24.9898
1350	24.9842
1351	24.9807
1352	24.9959
1353	25.0725
1354	25.1137
1355	25.1413
1356	25.154
1357	25.1449
1358	25.1182
1359	25.1169
1360	25.1159
1361	25.1144
1362	25.094
1363	25.0404
1364	24.9854
1365	25.0541
1366	25.0767
1367	25.0703
1368	25.0597
1369	25.0875
1370	25.1116
1371	25.1298
1372	25.1952
1373	25.2577
1374	25.3109
1375	25.351
1376	25.382
1377	25.4034
1378	25.417
1379	25.4462
1380	25.4603
1381	25.4585
1382	25.4562
1383	25.3227
1384	25.2264
1385	25.2141
1386	25.2071
1387	25.2035
1388	25.1986
1389	25.2039
1390	25.2047
1391	25.2012
1392	25.197
1393	25.2009
1394	25.1998
1395	25.2002
1396	25.1929
1397	25.2134
1398	25.2231
1399	25.221
1400	25.2191
1401	25.2246
1402	25.2229
1403	25.2181
1404	25.2169
1405	25.2131
1406	25.2109
1407	25.209
1408	25.2025
1409	25.2108
1410	25.2262
1411	25.2375
1412	25.25
1413	25.262
1414	25.2722
1415	25.3581
1416	25.3733
1417	25.3969
1418	25.4128
1419	25.4282
1420	25.4463
1421	25.4617
1422	25.4777
1423	25.4937
1424	25.5097
1425	25.5259
1426	25.5288
1427	25.6463
1428	25.6702
1429	25.7201
1430	25.7605
1431	25.8006
1432	26.0101
1433	26.1505
1434	26.4092
1435	26.5546
1436	26.6998
1437	26.8469
1438	27.1224
1439	27.5254
1440	27.9029
1441	28.219
1442	28.5231
1443	28.8992
1444	29.3138
1445	29.5976
1446	29.8997
1447	30.2212
1448	30.3122
1449	30.2282
1450	30.1662
1451	30.1628
1452	30.1677
1453	30.1819
1454	30.1377
1455	30.0753
1456	30.0453
1457	30.048
1458	30.0771
1459	30.0691
1460	30.0725
1461	30.0861
1462	30.1371
1463	30.2407
1464	30.2098
1465	30.213
1466	30.2546
1467	30.3192
1468	30.384
1469	30.3809
1470	30.3831
1471	30.3978
1472	30.4238
1473	30.3336
1474	30.2185
1475	30.1499
1476	30.1044
1477	30.087
1478	30.0568
1479	29.9999
1480	29.9669
1481	29.9661
1482	29.9889
1483	30.0064
1484	30.0329
1485	29.9846
1486	29.9539
1487	29.9383
1488	29.9319
1489	29.9245
1490	29.9291
1491	29.9437
1492	29.7961
1493	29.6845
1494	29.6076
1495	29.5581
1496	29.5435
1497	29.541
1498	29.5402
1499	29.5449
1500	29.5661
1501	29.5822
1502	29.6076
1503	29.638
1504	29.6628
1505	29.6864
1506	29.6882
1507	29.5547
1508	29.4872
1509	29.4456
1510	29.4095
1511	29.3886
1512	29.3737
1513	29.3479
1514	29.3424
1515	29.3316
1516	29.3228
1517	29.3096
1518	29.3051
1519	29.2926
1520	29.2619
1521	29.0885
1522	28.9881
1523	28.9134
1524	28.8232
1525	28.7735
1526	28.7481
1527	28.7015
1528	28.7743
1529	28.6297
1530	28.5264
1531	28.4488
1532	28.3915
1533	28.3526
1534	28.3096
1535	28.277
1536	28.2592
1537	28.2458
1538	28.2372
1539	28.2326
1540	28.2696
1541	28.3788
1542	28.5033
1543	28.5682
1544	28.6043
1545	28.6107
1546	28.6318
1547	28.6437
1548	28.5592
1549	28.5425
1550	28.5205
1551	28.4374
1552	28.3655
1553	28.3146
1554	28.3334
1555	28.3775
1556	28.4154
1557	28.441
1558	28.4701
1559	28.497
1560	28.5142
1561	28.5223
1562	28.5277
1563	28.5254
1564	28.648
1565	28.7356
1566	28.6763
1567	28.6123
1568	28.5583
1569	28.5083
1570	28.3858
1571	28.2505
1572	28.1469
1573	28.1564
1574	28.2039
1575	28.1627
1576	28.083
1577	28.0255
1578	27.9378
1579	27.8763
1580	27.8398
1581	27.8091
1582	27.7758
1583	27.9136
1584	27.9763
1585	28.0441
1586	28.0891
1587	28.1304
1588	28.1624
1589	28.1869
1590	28.203
1591	28.2166
1592	28.3738
1593	28.494
1594	28.5943
1595	28.6066
1596	28.608
1597	28.6071
1598	28.6021
1599	28.6071
1600	28.5777
1601	28.5717
1602	28.5715
1603	28.5498
1604	28.5529
1605	28.5554
1606	28.5762
1607	28.7204
1608	28.8102
1609	28.8588
1610	28.884
1611	28.9008
1612	28.9191
1613	28.9485
1614	28.9572
1615	28.9711
1616	28.985
1617	28.8905
1618	28.7872
1619	28.7242
1620	28.6956
1621	28.811
1622	28.8663
1623	28.9136
1624	28.9477
1625	28.9801
1626	29.0102
1627	29.0592
1628	29.0652
1629	29.2354
1630	29.3429
1631	29.389
1632	29.4428
1633	29.4753
1634	29.5138
1635	29.5355
1636	29.546
1637	29.5472
1638	29.549
1639	29.5414
1640	29.5423
1641	29.5349
1642	29.5311
1643	29.5218
1644	29.5125
1645	29.5419
1646	29.5355
1647	29.4504
1648	29.517
1649	29.6456
1650	29.752
1651	29.8597
1652	29.9538
1653	30.021
1654	30.0682
1655	30.0947
1656	30.1043
1657	29.9356
1658	29.8038
1659	29.7108
1660	29.6464
1661	29.6005
1662	29.5549
1663	29.5177
1664	29.4871
1665	29.4676
1666	29.5727
1667	29.5934
1668	29.5903
1669	29.6106
1670	29.7179
1671	29.8437
1672	29.9404
1673	30.0307
1674	30.1042
1675	30.2395
1676	30.3966
1677	30.4991
1678	30.6517
1679	30.7799
1680	30.7098
1681	30.6346
1682	30.5444
1683	30.4999
1684	30.509
1685	30.4704
1686	30.4544
1687	30.4339
1688	30.4265
1689	30.4206
1690	30.4098
1691	30.3999
1692	30.2145
1693	30.0758
1694	29.9722
1695	29.9595
1696	29.959
1697	29.9586
1698	29.8117
1699	29.7547
1700	29.724
1701	29.6915
1702	29.6498
1703	29.5954
1704	29.5352
1705	29.491
1706	29.4623
1707	29.44
1708	29.4231
1709	29.4144
1710	29.4168
1711	29.42
1712	29.4183
1713	29.4195
1714	29.4193
1715	29.4134
1716	29.4107
1717	29.5104
1718	29.6131
1719	29.6955
1720	29.7444
1721	29.7884
1722	29.8348
1723	29.8635
1724	29.9228
1725	29.9373
1726	29.9509
1727	29.9649
1728	29.9761
1729	29.9739
1730	29.9803
1731	30.0129
1732	29.9408
1733	29.9496
1734	29.9457
1735	29.8918
1736	29.8333
1737	29.8234
1738	29.6558
1739	29.5498
1740	29.4622
1741	29.4111
1742	29.3679
1743	29.3402
1744	29.3303
1745	29.323
1746	29.327
1747	29.3564
1748	29.3248
1749	29.2769
1750	29.2597
1751	29.2212
1752	29.2242
1753	29.2222
1754	29.2244
1755	29.2349
1756	29.2431
1757	29.4234
1758	29.5519
1759	29.6474
1760	29.687
1761	29.7338
1762	29.7791
1763	29.8189
1764	29.8475
1765	29.8667
1766	29.878
1767	29.9676
1768	30.0628
1769	30.1312
1770	30.1755
1771	30.2053
1772	30.2229
1773	30.2385
1774	30.2454
1775	30.2444
1776	30.2528
1777	30.2621
1778	30.2697
1779	30.2979
1780	30.4813
1781	30.6178
1782	30.7591
1783	30.8508
1784	30.9133
1785	30.968
1786	31.0111
1787	31.0391
1788	31.0506
1789	30.9307
1790	30.7997
1791	30.6944
1792	30.7849
1793	30.8432
1794	30.8675
1795	30.8779
1796	30.8954
1797	30.9113
1798	31.0928
1799	31.1761
1800	31.2535
1801	31.3006
1802	31.3445
1803	31.407
1804	31.4695
1805	31.5224
1806	31.5515
1807	31.5769
1808	31.5976
1809	31.5745
1810	31.3862
1811	31.2609
1812	31.1616
1813	31.0978
1814	31.0535
1815	31.0242
1816	30.9991
1817	30.9888
1818	30.9881
1819	30.9727
1820	30.9736
1821	30.9725
1822	30.9678
1823	30.9702
1824	30.9678
1825	30.96
1826	30.9042
1827	30.9041
1828	30.8834
1829	30.885
1830	30.8869
1831	30.886
1832	30.9641
1833	30.8924
1834	30.9027
1835	30.971
1836	31.0452
1837	31.0691
1838	31.2557
1839	31.3863
1840	31.4844
1841	31.554
1842	31.612
1843	31.6565
1844	31.6838
1845	31.6902
1846	31.6935
1847	31.7596
1848	31.8475
1849	31.8968
1850	31.9139
1851	31.8275
1852	31.772
1853	31.7333
1854	31.6999
1855	31.6985
1856	31.6988
1857	31.6936
1858	31.6949
1859	31.6936
1860	31.7236
1861	31.7247
1862	31.724
1863	31.7237
1864	31.727
1865	31.7269
1866	31.7331
1867	31.741
1868	31.7407
1869	31.7364
1870	31.739
1871	31.746
1872	31.7501
1873	31.6586
1874	31.5417
1875	31.4585
1876	31.4136
1877	31.2361
1878	31.1204
1879	31.0364
1880	30.9653
1881	30.9166
1882	30.8726
1883	30.8378
1884	30.816
1885	30.8093
1886	30.799
1887	30.7933
1888	30.7923
1889	30.9144
1890	31.0585
1891	31.1749
1892	31.2806
1893	31.3687
1894	31.4437
1895	31.5106
1896	31.4129
1897	31.2975
1898	31.2167
1899	31.1516
1900	31.109
1901	31.071
1902	31.0478
1903	31.0443
1904	31.0287
1905	31.0202
1906	31.0235
1907	31.0311
1908	31.0254
1909	31.0576
1910	31.249
1911	31.3868
1912	31.4927
1913	31.5619
1914	31.6131
1915	31.6502
1916	31.6567
1917	31.495
1918	31.3789
1919	31.3009
1920	31.2521
1921	31.2657
1922	31.0723
1923	30.9346
1924	30.843
1925	30.7757
1926	30.7702
1927	30.7061
1928	30.6743
1929	30.6316
1930	30.6044
1931	30.5835
1932	30.4364
1933	30.4601
1934	30.4448
1935	30.4478
1936	30.4479
1937	30.4432
1938	30.4253
1939	30.2543
1940	30.1345
1941	30.0533
1942	29.9169
1943	29.8127
1944	29.7315
1945	29.676
1946	29.6171
1947	29.5687
1948	29.5471
1949	29.5163
1950	29.364
1951	29.3777
1952	29.3707
1953	29.3731
1954	29.3702
1955	29.2214
1956	29.1273
1957	29.0162
1958	28.9698
1959	28.9347
1960	28.9152
1961	28.8977
1962	28.8878
1963	28.8759
1964	28.8713
1965	28.8695
1966	28.8638
1967	28.8583
1968	28.8547
1969	28.8522
1970	28.8498
1971	28.8428
1972	28.8363
1973	28.9052
1974	28.9979
1975	29.063
1976	29.0908
1977	29.2345
1978	29.3324
1979	29.4013
1980	29.4256
1981	29.4601
1982	29.4886
1983	29.5066
1984	29.5179
1985	29.3997
1986	29.2535
1987	29.1413
1988	29.0505
1989	29.0199
1990	29.0005
1991	28.9902
1992	28.9839
1993	28.9831
1994	28.9894
1995	28.9843
1996	29.0954
1997	29.2145
1998	29.2636
1999	29.1621
2000	29.1073
2001	29.0893
2002	29.0736
2003	29.0741
2004	29.0746
2005	29.0696
2006	29.0613
2007	29.0542
2008	29.061
2009	29.0633
2010	29.0638
2011	29.0579
2012	29.0732
2013	29.0937
2014	29.1134
2015	29.1322
2016	29.1459
2017	29.3033
2018	29.2896
2019	29.2399
2020	29.3127
2021	29.3317
2022	29.5274
2023	29.6516
2024	29.7374
2025	29.8119
2026	29.865
2027	29.9268
2028	29.9785
2029	30.0235
2030	30.0519
2031	30.0762
2032	30.2279
2033	30.2753
2034	30.2951
2035	30.2854
2036	30.3031
2037	30.3337
2038	30.3753
2039	30.5478
2040	30.676
2041	30.762
2042	30.9117
2043	31.0265
2044	31.1183
2045	31.156
2046	31.0364
2047	30.9641
2048	30.899
2049	30.8541
2050	30.9595
2051	31.0235
2052	31.0394
2053	31.0437
2054	31.0577
2055	31.2101
2056	31.3032
2057	31.425
2058	31.4659
2059	31.5113
2060	31.495
2061	31.5086
2062	31.512
2063	31.519
2064	31.5164
2065	31.5103
2066	31.5078
2067	31.5052
2068	31.5026
2069	31.5078
2070	31.5089
2071	31.5177
2072	31.5274
2073	31.5285
2074	31.5332
2075	31.5358
2076	31.5423
2077	31.5496
2078	31.5585
2079	31.5744
2080	31.5356
2081	31.5358
2082	31.5387
2083	31.4769
2084	31.4819
2085	31.6252
2086	31.8053
2087	31.9464
2088	32.0588
2089	32.1015
2090	32.126
2091	32.1361
2092	32.1435
2093	32.1482
2094	32.1558
2095	32.1654
2096	32.1384
2097	32.1412
2098	32.1792
2099	32.3749
2100	32.4937
2101	32.5626
2102	32.6151
2103	32.6456
2104	32.674
2105	32.6929
2106	32.709
2107	32.7178
2108	32.7242
2109	32.693
2110	32.4942
2111	32.4332
2112	32.4116
2113	32.3891
2114	32.3639
2115	32.3391
2116	32.3492
2117	32.2074
2118	32.2517
2119	32.3284
2120	32.2241
2121	32.1015
2122	31.8249
2123	31.7745
2124	31.7225
2125	31.5568
2126	31.3822
2127	31.3418
2128	31.316
2129	31.2827
2130	31.2702
2131	31.2661
2132	31.267
2133	31.267
2134	31.2655
2135	31.1535
2136	30.9942
2137	30.8704
2138	30.762
2139	30.6983
2140	30.6377
2141	30.5895
2142	30.5427
2143	30.3628
2144	30.251
2145	30.1758
2146	30.2732
2147	30.3359
2148	30.3764
2149	30.421
2150	30.4248
2151	30.4522
2152	30.4768
2153	30.4971
2154	30.5161
2155	30.5307
2156	30.4472
2157	30.3368
2158	30.2667
2159	30.1998
2160	30.0521
2161	29.9429
2162	29.8584
2163	29.753
2164	29.7085
2165	29.6884
2166	29.6797
2167	29.6786
2168	29.6798
2169	29.6794
2170	29.6829
2171	29.684
2172	29.7054
2173	29.7347
2174	29.7622
2175	29.7914
2176	29.814
2177	29.8365
2178	29.8341
2179	29.8286
2180	29.8956
2181	29.9054
2182	29.9137
2183	29.982
2184	29.9846
2185	29.9817
2186	29.977
2187	29.9741
2188	29.9742
2189	29.9739
2190	29.9728
2191	29.9768
2192	29.8642
2193	29.7629
2194	29.6801
2195	29.6239
2196	29.6027
2197	29.5697
2198	29.5409
2199	29.5142
2200	29.4968
2201	29.4865
2202	29.4824
2203	29.4835
2204	29.4785
2205	29.4739
2206	29.4703
2207	29.4655
2208	29.465
2209	29.4908
2210	29.6543
2211	29.7059
2212	29.6999
2213	29.6968
2214	29.6734
2215	29.4881
2216	29.3896
2217	29.4397
2218	29.4812
2219	29.4969
2220	29.5213
2221	29.5625
2222	29.7516
2223	29.7747
2224	29.8139
2225	29.9567
2226	30.1134
2227	30.153
2228	30.1764
2229	30.2039
2230	30.2149
2231	30.2212
2232	30.217
2233	30.2144
2234	30.2102
2235	30.3257
2236	30.4641
2237	30.5594
2238	30.645
2239	30.7099
2240	30.7393
2241	30.7892
2242	30.8351
2243	31.0186
2244	31.133
2245	31.2486
2246	31.341
2247	31.4043
2248	31.4625
2249	31.507
2250	31.5775
2251	31.6103
2252	31.4136
2253	31.2419
2254	31.1147
2255	31.0321
2256	31.0747
2257	31.1514
2258	31.2105
2259	31.2533
2260	31.4401
2261	31.5507
2262	31.6456
2263	31.7631
2264	31.821
2265	31.8455
2266	31.8341
2267	31.8436
2268	31.8489
2269	31.8465
2270	31.8435
2271	31.8296
2272	31.7944
2273	31.7687
2274	31.741
2275	31.7157
2276	31.6928
2277	31.6675
2278	31.6653
2279	31.6621
2280	31.6592
2281	31.658
2282	31.512
2283	31.343
2284	31.2092
2285	31.1112
2286	31.0328
2287	30.9711
2288	30.907
2289	30.7984
2290	30.7229
2291	30.6764
2292	30.754
2293	30.8388
2294	30.9051
2295	30.9562
2296	30.9997
2297	31.0103
2298	30.881
2299	30.8023
2300	30.7385
2301	30.6834
2302	30.6414
2303	30.613
2304	30.5961
2305	30.5926
2306	30.5948
2307	30.5975
2308	30.5528
2309	30.5517
2310	30.5579
2311	30.5598
2312	30.567
2313	30.5598
2314	30.586
2315	30.785
2316	30.8877
2317	30.9661
2318	31.0238
2319	31.0831
2320	31.1279
2321	31.18
2322	31.2157
2323	31.2399
2324	31.2501
2325	31.2577
2326	31.2693
2327	31.2711
2328	31.2763
2329	31.3036
2330	31.3339
2331	31.347
2332	31.2332
2333	31.127
2334	31.0458
2335	30.9872
2336	30.9451
2337	30.9223
2338	30.9051
2339	30.9008
2340	30.9329
2341	30.931
2342	30.9251
2343	30.9269
2344	30.9314
2345	30.9287
2346	30.9259
2347	30.9259
2348	30.9171
2349	30.9173
2350	30.9179
2351	30.9146
2352	31.1262
2353	31.3063
2354	31.437
2355	31.5039
2356	31.4074
2357	31.3892
2358	31.3898
2359	31.3935
2360	31.3549
2361	31.3154
2362	31.3248
2363	31.3312
2364	31.3307
2365	31.2675
2366	31.2961
2367	31.299
2368	31.2925
2369	31.2339
2370	31.225
2371	31.2353
2372	31.2477
2373	31.2512
2374	31.2311
2375	31.2263
2376	31.1929
2377	31.1912
2378	31.1915
2379	31.1938
2380	31.1977
2381	31.1996
2382	31.3358
2383	31.4187
2384	31.5482
2385	31.6527
2386	31.733
2387	31.7842
2388	31.8277
2389	31.9447
2390	32.0312
2391	32.08
2392	32.1267
2393	32.1542
2394	32.1762
2395	32.1908
2396	32.2006
2397	32.2291
2398	32.4053
2399	32.5249
2400	32.5883
2401	32.6888
2402	32.7724
2403	32.8325
2404	32.8832
2405	32.9233
2406	32.9224
2407	32.927
2408	32.8479
2409	32.6971
2410	32.5962
2411	32.5143
2412	32.456
2413	32.4136
2414	32.3706
2415	32.342
2416	32.3256
2417	32.3064
2418	32.2938
2419	32.2904
2420	32.2922
2421	32.2878
2422	32.2885
2423	32.2918
2424	32.2885
2425	32.2852
2426	32.2809
2427	32.2762
2428	32.2694
2429	32.2418
2430	32.2105
2431	32.1924
2432	32.3159
2433	32.4272
2434	32.5154
2435	32.5801
2436	32.6213
2437	32.6486
2438	32.6661
2439	32.6727
2440	32.6711
2441	32.6643
2442	32.6672
2443	32.6657
2444	32.6592
2445	32.6585
2446	32.6578
2447	32.6593
2448	32.6606
2449	32.6592
2450	32.6536
2451	32.624
2452	32.3931
2453	32.2173
2454	32.1104
2455	32.0467
2456	32.1434
2457	32.171
2458	32.1713
2459	32.1469
2460	32.0192
2461	31.9483
2462	31.8578
2463	31.7934
2464	31.5877
2465	31.5297
2466	31.4321
2467	31.3805
2468	31.3582
2469	31.2712
2470	31.1219
2471	30.9991
2472	30.8526
2473	30.7774
2474	30.6042
2475	30.4695
2476	30.3979
2477	30.3151
2478	30.2631
2479	30.2239
2480	30.2023
2481	30.1817
2482	30.1712
2483	30.1293
2484	30.003
2485	29.9103
2486	29.8403
2487	29.7995
2488	29.7769
2489	29.7357
2490	29.7054
2491	29.6888
2492	29.6747
2493	29.6626
2494	29.6584
2495	29.6543
2496	29.6527
2497	29.6516
2498	29.6514
2499	29.6478
2500	29.6706
2501	29.6465
2502	29.6212
2503	29.5986
2504	29.574
2505	29.5489
2506	29.5522
2507	29.5406
2508	29.643
2509	29.7564
2510	29.8255
2511	29.8869
2512	29.9371
2513	29.9782
2514	30.0133
2515	30.0389
2516	30.0575
2517	30.069
2518	30.0751
2519	30.0787
2520	30.0814
2521	30.085
2522	30.0787
2523	30.0784
2524	30.0842
2525	30.0872
2526	30.1121
2527	30.1356
2528	30.1627
2529	30.1862
2530	30.2126
2531	30.2403
2532	30.2721
2533	30.3043
2534	30.3356
2535	30.3647
2536	30.3917
2537	30.4215
2538	30.4257
2539	30.4297
2540	30.4324
2541	30.4414
2542	30.4721
2543	30.4789
2544	30.457
2545	30.3333
2546	30.2445
2547	30.1509
2548	30.0866
2549	30.0599
2550	30.0407
2551	30.06
2552	30.2603
2553	30.4135
2554	30.5181
2555	30.6123
2556	30.6898
2557	30.7539
2558	30.8075
2559	30.8778
2560	31.0402
2561	31.1868
2562	31.2978
2563	31.3892
2564	31.6213
2565	31.7737
2566	31.9005
2567	31.7795
2568	31.6815
2569	31.7469
2570	31.8517
2571	31.9418
2572	32.0663
2573	32.1221
2574	32.3317
2575	32.4559
2576	32.5942
2577	32.5955
2578	32.5163
2579	32.4604
2580	32.413
2581	32.3872
2582	32.3611
2583	32.4696
2584	32.6012
2585	32.696
2586	32.7753
2587	32.8281
2588	32.8201
2589	32.8751
2590	32.9024
2591	32.9272
2592	32.9393
2593	32.945
2594	32.9457
2595	32.9438
2596	32.9437
2597	32.9394
2598	32.9346
2599	32.9374
2600	32.9255
2601	32.9215
2602	32.9199
2603	32.9171
2604	32.9161
2605	32.9103
2606	32.9061
2607	32.909
2608	32.9101
2609	32.9181
2610	32.9319
2611	32.9393
2612	32.939
2613	32.9397
2614	32.913
2615	32.8838
2616	32.8473
2617	32.8164
2618	32.7853
2619	32.758
2620	32.7235
2621	32.6922
2622	32.6436
2623	32.5918
2624	32.5336
2625	32.4788
2626	32.4244
2627	32.3677
2628	32.2981
2629	32.2487
2630	32.193
2631	32.1353
2632	32.0729
2633	32.0142
2634	31.9551
2635	31.8939
2636	31.8366
2637	31.7765
2638	31.7725
2639	31.7675
2640	31.7384
2641	31.7059
2642	31.6434
2643	31.4099
2644	31.2684
2645	31.2758
2646	31.2662
2647	31.278
2648	31.2752
2649	31.2402
2650	31.2003
2651	31.1567
2652	31.1151
2653	31.0863
2654	31.0469
2655	31.0001
2656	30.9575
2657	30.9053
2658	30.8536
2659	30.8232
2660	30.8299
2661	30.8054
2662	30.7504
2663	30.6969
2664	30.6447
2665	30.599
2666	30.5717
2667	30.7281
2668	30.8496
2669	30.928
2670	30.9813
2671	31.0175
2672	31.0423
2673	31.0618
2674	31.0616
2675	31.0878
2676	31.0648
2677	31.1486
2678	31.2451
2679	31.3351
2680	31.3915
2681	31.4335
2682	31.4678
2683	31.4883
2684	31.5035
2685	31.5132
2686	31.5114
2687	31.5126
2688	31.5615
2689	31.5488
2690	31.5461
2691	31.5415
2692	31.5411
2693	31.4531
2694	31.3489
2695	31.2681
2696	31.2111
2697	31.1681
2698	31.1345
2699	31.1116
2700	31.1016
2701	31.0959
2702	31.0896
2703	31.0893
2704	31.0859
2705	31.0886
2706	31.0871
2707	31.0912
2708	31.0894
2709	31.0931
2710	31.0889
2711	31.0855
2712	31.0817
2713	31.0788
2714	31.0949
2715	31.1136
2716	31.1424
2717	31.1717
2718	31.1978
2719	31.2194
2720	31.2167
2721	31.2409
2722	31.2875
2723	31.3314
2724	31.3818
2725	31.4269
2726	31.4532
2727	31.4797
2728	31.5185
2729	31.5413
2730	31.5648
2731	31.5938
2732	31.6171
2733	31.6436
2734	31.6647
2735	31.6911
2736	31.7155
2737	31.7403
2738	31.7364
2739	31.7364
2740	31.7598
2741	31.7813
2742	31.8016
2743	32.0294
2744	32.1976
2745	32.1391
2746	32.1037
2747	32.0797
2748	32.0739
2749	32.0764
2750	32.0856
2751	32.1029
2752	32.1122
2753	32.128
2754	32.154
2755	32.1844
2756	32.2138
2757	32.2421
2758	32.2679
2759	32.2716
2760	32.2716
2761	32.2727
2762	32.2758
2763	32.1041
2764	32.0022
2765	31.9185
2766	31.8386
2767	31.7829
2768	31.7396
2769	31.7127
2770	31.6927
2771	31.6756
2772	31.6385
2773	31.6343
2774	31.6326
2775	31.6339
2776	31.6197
2777	31.6226
2778	31.653
2779	31.6546
2780	31.6653
2781	31.6364
2782	31.5058
2783	31.3479
2784	31.2469
2785	31.1707
2786	31.1559
2787	31.1508
2788	31.1514
2789	31.1573
2790	31.163
2791	30.9784
2792	30.8326
2793	30.8048
2794	30.8247
2795	30.8964
2796	30.9486
2797	30.9893
2798	31.0216
2799	31.0428
2800	31.0594
2801	31.07
2802	31.0739
2803	31.0724
2804	31.0771
2805	31.0766
2806	31.0699
2807	31.068
2808	31.0685
2809	31.0665
2810	31.0698
2811	31.0743
2812	31.0773
2813	31.0814
2814	31.0836
2815	31.083
2816	31.0821
2817	31.0833
2818	31.0864
2819	31.0631
2820	30.9226
2821	30.7969
2822	30.7071
2823	30.6322
2824	30.5752
2825	30.5378
2826	30.5094
2827	30.4935
2828	30.4805
2829	30.4777
2830	30.4748
2831	30.4701
2832	30.4609
2833	30.3974
2834	30.3647
2835	30.3331
2836	30.3256
2837	30.3204
2838	30.3213
2839	30.3175
2840	30.3189
2841	30.3239
2842	30.3327
2843	30.3345
2844	30.3365
2845	30.5022
2846	30.6288
2847	30.7299
2848	30.806
2849	30.8633
2850	30.9174
2851	30.9498
2852	30.9761
2853	30.9952
2854	31.0012
2855	30.9996
2856	30.9997
2857	31.003
2858	31.0064
2859	31.0069
2860	31.0073
2861	31.0092
2862	31.0136
2863	31.0353
2864	31.0224
2865	31.0323
2866	31.0337
2867	31.0317
2868	31.0234
2869	31.0131
2870	31.0075
2871	31.004
2872	31.0247
2873	31.0183
2874	31.0156
2875	31.0158
2876	31.032
2877	31.0301
2878	31.0306
2879	31.0569
2880	31.0537
2881	31.1107
2882	31.2678
2883	31.4526
2884	31.4296
2885	31.4315
2886	31.3952
2887	31.3505
2888	31.3137
2889	31.2862
2890	31.2743
2891	31.4535
2892	31.6026
2893	31.7309
2894	31.8304
2895	31.8648
2896	31.8985
2897	31.9283
2898	31.9556
2899	31.9838
2900	32.0144
2901	32.0439
2902	32.0694
2903	32.0981
2904	32.1258
2905	32.1544
2906	32.1802
2907	32.013
2908	31.8941
2909	31.8092
2910	31.7473
2911	31.7664
2912	31.7897
2913	31.8176
2914	31.8507
2915	31.8836
2916	31.911
2917	31.9381
2918	31.9639
2919	32.0195
2920	32.2157
2921	32.2057
2922	32.2085
2923	32.2333
2924	32.2513
2925	32.2683
2926	32.2849
2927	32.2967
2928	32.3025
2929	32.3122
2930	32.3336
2931	32.3605
2932	32.3908
2933	32.4831
2934	32.5432
2935	32.5997
2936	32.6299
2937	32.6635
2938	32.6868
2939	32.7075
2940	32.7323
2941	32.7531
2942	32.7755
2943	32.8053
2944	32.839
2945	32.8678
2946	32.9002
2947	32.9349
2948	32.9634
2949	32.9954
2950	33.0256
2951	33.0551
2952	33.0908
2953	33.1205
2954	33.1485
2955	33.1779
2956	33.2015
2957	33.2286
2958	33.2574
2959	33.2865
2960	33.3173
2961	33.3467
2962	33.4026
2963	33.6298
2964	33.8209
2965	33.9648
2966	34.0895
2967	34.1951
2968	34.2868
2969	34.3668
2970	34.4348
2971	34.4965
2972	34.5534
2973	34.6014
2974	34.6345
2975	34.6658
2976	34.6998
2977	34.7385
2978	34.7729
2979	34.7758
2980	34.8187
2981	34.8221
2982	34.8242
2983	34.8316
2984	35.025
2985	35.1604
2986	35.2691
2987	35.3373
2988	35.4252
