detections	cameraID	xmin	ymin	xmax	ymax	area	frame_no
0	0	0	0	0	0	0	0
0	0	0	0	0	0	0	1
0	0	0	0	0	0	0	2
0	0	0	0	0	0	0	3
0	0	0	0	0	0	0	4
0	0	0	0	0	0	0	5
0	0	0	0	0	0	0	6
0	0	0	0	0	0	0	7
0	0	0	0	0	0	0	8
0	0	0	0	0	0	0	9
0	0	0	0	0	0	0	10
0	0	0	0	0	0	0	11
0	0	0	0	0	0	0	12
0	0	0	0	0	0	0	13
0	0	0	0	0	0	0	14
0	0	0	0	0	0	0	15
0	0	0	0	0	0	0	16
0	0	0	0	0	0	0	17
0	0	0	0	0	0	0	18
0	0	0	0	0	0	0	19
0	0	0	0	0	0	0	20
0	0	0	0	0	0	0	21
0	0	0	0	0	0	0	22
0	0	0	0	0	0	0	23
0	0	0	0	0	0	0	24
0	0	0	0	0	0	0	25
0	0	0	0	0	0	0	26
0	0	0	0	0	0	0	27
0	0	0	0	0	0	0	28
0	0	0	0	0	0	0	29
0	0	0	0	0	0	0	30
0	0	0	0	0	0	0	31
0	0	0	0	0	0	0	32
0	0	0	0	0	0	0	33
0	0	0	0	0	0	0	34
0	0	0	0	0	0	0	35
0	0	0	0	0	0	0	36
0	0	0	0	0	0	0	37
0	0	0	0	0	0	0	38
0	0	0	0	0	0	0	39
0	0	0	0	0	0	0	40
0	0	0	0	0	0	0	41
0	0	0	0	0	0	0	42
0	0	0	0	0	0	0	43
0	0	0	0	0	0	0	44
0	0	0	0	0	0	0	45
0	0	0	0	0	0	0	46
0	0	0	0	0	0	0	47
0	0	0	0	0	0	0	48
0	0	0	0	0	0	0	49
0	0	0	0	0	0	0	50
0	0	0	0	0	0	0	51
0	0	0	0	0	0	0	52
0	0	0	0	0	0	0	53
0	0	0	0	0	0	0	54
0	0	0	0	0	0	0	55
0	0	0	0	0	0	0	56
0	0	0	0	0	0	0	57
0	0	0	0	0	0	0	58
0	0	0	0	0	0	0	59
0	0	0	0	0	0	0	60
0	0	0	0	0	0	0	61
0	0	0	0	0	0	0	62
0	0	0	0	0	0	0	63
0	0	0	0	0	0	0	64
0	0	0	0	0	0	0	65
0	0	0	0	0	0	0	66
0	0	0	0	0	0	0	67
0	0	0	0	0	0	0	68
0	0	0	0	0	0	0	69
0	0	0	0	0	0	0	70
0	0	0	0	0	0	0	71
0	0	0	0	0	0	0	72
0	0	0	0	0	0	0	73
0	0	0	0	0	0	0	74
0	0	0	0	0	0	0	75
0	0	0	0	0	0	0	76
0	0	0	0	0	0	0	77
0	0	0	0	0	0	0	78
0	0	0	0	0	0	0	79
0	0	0	0	0	0	0	80
0	0	0	0	0	0	0	81
0	0	0	0	0	0	0	82
0	0	0	0	0	0	0	83
0	0	0	0	0	0	0	84
0	0	0	0	0	0	0	85
0	0	0	0	0	0	0	86
0	0	0	0	0	0	0	87
0	0	0	0	0	0	0	88
0	0	0	0	0	0	0	89
0	0	0	0	0	0	0	90
0	0	0	0	0	0	0	91
0	0	0	0	0	0	0	92
0	0	0	0	0	0	0	93
0	0	0	0	0	0	0	94
0	0	0	0	0	0	0	95
0	0	0	0	0	0	0	96
0	0	0	0	0	0	0	97
0	0	0	0	0	0	0	98
0	0	0	0	0	0	0	99
0	0	0	0	0	0	0	100
0	0	0	0	0	0	0	101
0	0	0	0	0	0	0	102
0	0	0	0	0	0	0	103
0	0	0	0	0	0	0	104
0	0	0	0	0	0	0	105
0	0	0	0	0	0	0	106
0	0	0	0	0	0	0	107
0	0	0	0	0	0	0	108
0	0	0	0	0	0	0	109
0	0	0	0	0	0	0	110
0	0	0	0	0	0	0	111
0	0	0	0	0	0	0	112
0	0	0	0	0	0	0	113
0	0	0	0	0	0	0	114
0	0	0	0	0	0	0	115
0	0	0	0	0	0	0	116
0	0	0	0	0	0	0	117
0	0	0	0	0	0	0	118
0	0	0	0	0	0	0	119
0	0	0	0	0	0	0	120
0	0	0	0	0	0	0	121
0	0	0	0	0	0	0	122
0	0	0	0	0	0	0	123
0	0	0	0	0	0	0	124
0	0	0	0	0	0	0	125
0	0	0	0	0	0	0	126
0	0	0	0	0	0	0	127
0	0	0	0	0	0	0	128
0	0	0	0	0	0	0	129
0	0	0	0	0	0	0	130
0	0	0	0	0	0	0	131
0	0	0	0	0	0	0	132
0	0	0	0	0	0	0	133
0	0	0	0	0	0	0	134
0	0	0	0	0	0	0	135
0	0	0	0	0	0	0	136
0	0	0	0	0	0	0	137
0	0	0	0	0	0	0	138
0	0	0	0	0	0	0	139
0	0	0	0	0	0	0	140
0	0	0	0	0	0	0	141
0	0	0	0	0	0	0	142
0	0	0	0	0	0	0	143
0	0	0	0	0	0	0	144
0	0	0	0	0	0	0	145
0	0	0	0	0	0	0	146
0	0	0	0	0	0	0	147
0	0	0	0	0	0	0	148
0	0	0	0	0	0	0	149
0	0	0	0	0	0	0	150
0	0	0	0	0	0	0	151
0	0	0	0	0	0	0	152
0	0	0	0	0	0	0	153
0	0	0	0	0	0	0	154
0	0	0	0	0	0	0	155
0	0	0	0	0	0	0	156
0	0	0	0	0	0	0	157
0	0	0	0	0	0	0	158
0	0	0	0	0	0	0	159
0	0	0	0	0	0	0	160
0	0	0	0	0	0	0	161
0	0	0	0	0	0	0	162
0	0	0	0	0	0	0	163
0	0	0	0	0	0	0	164
0	0	0	0	0	0	0	165
0	0	0	0	0	0	0	166
0	0	0	0	0	0	0	167
0	0	0	0	0	0	0	168
0	0	0	0	0	0	0	169
0	0	0	0	0	0	0	170
0	0	0	0	0	0	0	171
0	0	0	0	0	0	0	172
0	0	0	0	0	0	0	173
0	0	0	0	0	0	0	174
0	0	0	0	0	0	0	175
0	0	0	0	0	0	0	176
0	0	0	0	0	0	0	177
0	0	0	0	0	0	0	178
0	0	0	0	0	0	0	179
0	0	0	0	0	0	0	180
0	0	0	0	0	0	0	181
0	0	0	0	0	0	0	182
0	0	0	0	0	0	0	183
0	0	0	0	0	0	0	184
0	0	0	0	0	0	0	185
0	0	0	0	0	0	0	186
0	0	0	0	0	0	0	187
0	0	0	0	0	0	0	188
0	0	0	0	0	0	0	189
0	0	0	0	0	0	0	190
0	0	0	0	0	0	0	191
0	0	0	0	0	0	0	192
0	0	0	0	0	0	0	193
0	0	0	0	0	0	0	194
0	0	0	0	0	0	0	195
0	0	0	0	0	0	0	196
0	0	0	0	0	0	0	197
0	0	0	0	0	0	0	198
0	0	0	0	0	0	0	199
0	0	0	0	0	0	0	200
0	0	0	0	0	0	0	201
0	0	0	0	0	0	0	202
0	0	0	0	0	0	0	203
0	0	0	0	0	0	0	204
0	0	0	0	0	0	0	205
0	0	0	0	0	0	0	206
0	0	0	0	0	0	0	207
0	0	0	0	0	0	0	208
0	0	0	0	0	0	0	209
0	0	0	0	0	0	0	210
0	0	0	0	0	0	0	211
0	0	0	0	0	0	0	212
0	0	0	0	0	0	0	213
0	0	0	0	0	0	0	214
0	0	0	0	0	0	0	215
0	0	0	0	0	0	0	216
0	0	0	0	0	0	0	217
0	0	0	0	0	0	0	218
0	0	0	0	0	0	0	219
0	0	0	0	0	0	0	220
0	0	0	0	0	0	0	221
0	0	0	0	0	0	0	222
0	0	0	0	0	0	0	223
0	0	0	0	0	0	0	224
0	0	0	0	0	0	0	225
0	0	0	0	0	0	0	226
0	0	0	0	0	0	0	227
0	0	0	0	0	0	0	228
0	0	0	0	0	0	0	229
0	0	0	0	0	0	0	230
0	0	0	0	0	0	0	231
0	0	0	0	0	0	0	232
0	0	0	0	0	0	0	233
0	0	0	0	0	0	0	234
0	0	0	0	0	0	0	235
0	0	0	0	0	0	0	236
0	0	0	0	0	0	0	237
0	0	0	0	0	0	0	238
0	0	0	0	0	0	0	239
0	0	0	0	0	0	0	240
0	0	0	0	0	0	0	241
0	0	0	0	0	0	0	242
0	0	0	0	0	0	0	243
0	0	0	0	0	0	0	244
0	0	0	0	0	0	0	245
0	0	0	0	0	0	0	246
0	0	0	0	0	0	0	247
0	0	0	0	0	0	0	248
0	0	0	0	0	0	0	249
0	0	0	0	0	0	0	250
0	0	0	0	0	0	0	251
0	0	0	0	0	0	0	252
0	0	0	0	0	0	0	253
0	0	0	0	0	0	0	254
0	0	0	0	0	0	0	255
0	0	0	0	0	0	0	256
0	0	0	0	0	0	0	257
0	0	0	0	0	0	0	258
0	0	0	0	0	0	0	259
0	0	0	0	0	0	0	260
0	0	0	0	0	0	0	261
0	0	0	0	0	0	0	262
0	0	0	0	0	0	0	263
0	0	0	0	0	0	0	264
0	0	0	0	0	0	0	265
0	0	0	0	0	0	0	266
0	0	0	0	0	0	0	267
0	0	0	0	0	0	0	268
0	0	0	0	0	0	0	269
0	0	0	0	0	0	0	270
0	0	0	0	0	0	0	271
0	0	0	0	0	0	0	272
0	0	0	0	0	0	0	273
0	0	0	0	0	0	0	274
0	0	0	0	0	0	0	275
0	0	0	0	0	0	0	276
0	0	0	0	0	0	0	277
0	0	0	0	0	0	0	278
0	0	0	0	0	0	0	279
0	0	0	0	0	0	0	280
0	0	0	0	0	0	0	281
0	0	0	0	0	0	0	282
0	0	0	0	0	0	0	283
0	0	0	0	0	0	0	284
0	0	0	0	0	0	0	285
0	0	0	0	0	0	0	286
0	0	0	0	0	0	0	287
0	0	0	0	0	0	0	288
0	0	0	0	0	0	0	289
0	0	0	0	0	0	0	290
0	0	0	0	0	0	0	291
0	0	0	0	0	0	0	292
0	0	0	0	0	0	0	293
0	0	0	0	0	0	0	294
0	0	0	0	0	0	0	295
0	0	0	0	0	0	0	296
0	0	0	0	0	0	0	297
0	0	0	0	0	0	0	298
0	0	0	0	0	0	0	299
0	0	0	0	0	0	0	300
0	0	0	0	0	0	0	301
0	0	0	0	0	0	0	302
0	0	0	0	0	0	0	303
0	0	0	0	0	0	0	304
0	0	0	0	0	0	0	305
0	0	0	0	0	0	0	306
0	0	0	0	0	0	0	307
0	0	0	0	0	0	0	308
0	0	0	0	0	0	0	309
0	0	0	0	0	0	0	310
0	0	0	0	0	0	0	311
0	0	0	0	0	0	0	312
0	0	0	0	0	0	0	313
0	0	0	0	0	0	0	314
0	0	0	0	0	0	0	315
0	0	0	0	0	0	0	316
0	0	0	0	0	0	0	317
0	0	0	0	0	0	0	318
0	0	0	0	0	0	0	319
0	0	0	0	0	0	0	320
0	0	0	0	0	0	0	321
0	0	0	0	0	0	0	322
0	0	0	0	0	0	0	323
0	0	0	0	0	0	0	324
0	0	0	0	0	0	0	325
0	0	0	0	0	0	0	326
0	0	0	0	0	0	0	327
0	0	0	0	0	0	0	328
0	0	0	0	0	0	0	329
0	0	0	0	0	0	0	330
0	0	0	0	0	0	0	331
0	0	0	0	0	0	0	332
0	0	0	0	0	0	0	333
0	0	0	0	0	0	0	334
0	0	0	0	0	0	0	335
0	0	0	0	0	0	0	336
0	0	0	0	0	0	0	337
0	0	0	0	0	0	0	338
0	0	0	0	0	0	0	339
0	0	0	0	0	0	0	340
0	0	0	0	0	0	0	341
0	0	0	0	0	0	0	342
0	0	0	0	0	0	0	343
0	0	0	0	0	0	0	344
0	0	0	0	0	0	0	345
0	0	0	0	0	0	0	346
0	0	0	0	0	0	0	347
0	0	0	0	0	0	0	348
0	0	0	0	0	0	0	349
0	0	0	0	0	0	0	350
0	0	0	0	0	0	0	351
0	0	0	0	0	0	0	352
0	0	0	0	0	0	0	353
0	0	0	0	0	0	0	354
0	0	0	0	0	0	0	355
0	0	0	0	0	0	0	356
0	0	0	0	0	0	0	357
0	0	0	0	0	0	0	358
0	0	0	0	0	0	0	359
0	0	0	0	0	0	0	360
0	0	0	0	0	0	0	361
0	0	0	0	0	0	0	362
0	0	0	0	0	0	0	363
0	0	0	0	0	0	0	364
0	0	0	0	0	0	0	365
0	0	0	0	0	0	0	366
0	0	0	0	0	0	0	367
0	0	0	0	0	0	0	368
0	0	0	0	0	0	0	369
0	0	0	0	0	0	0	370
0	0	0	0	0	0	0	371
0	0	0	0	0	0	0	372
0	0	0	0	0	0	0	373
0	0	0	0	0	0	0	374
0	0	0	0	0	0	0	375
0	0	0	0	0	0	0	376
0	0	0	0	0	0	0	377
0	0	0	0	0	0	0	378
0	0	0	0	0	0	0	379
0	0	0	0	0	0	0	380
0	0	0	0	0	0	0	381
0	0	0	0	0	0	0	382
0	0	0	0	0	0	0	383
0	0	0	0	0	0	0	384
0	0	0	0	0	0	0	385
0	0	0	0	0	0	0	386
0	0	0	0	0	0	0	387
0	0	0	0	0	0	0	388
0	0	0	0	0	0	0	389
0	0	0	0	0	0	0	390
0	0	0	0	0	0	0	391
0	0	0	0	0	0	0	392
0	0	0	0	0	0	0	393
0	0	0	0	0	0	0	394
0	0	0	0	0	0	0	395
0	0	0	0	0	0	0	396
0	0	0	0	0	0	0	397
0	0	0	0	0	0	0	398
0	0	0	0	0	0	0	399
0	0	0	0	0	0	0	400
0	0	0	0	0	0	0	401
0	0	0	0	0	0	0	402
0	0	0	0	0	0	0	403
0	0	0	0	0	0	0	404
0	0	0	0	0	0	0	405
0	0	0	0	0	0	0	406
0	0	0	0	0	0	0	407
0	0	0	0	0	0	0	408
0	0	0	0	0	0	0	409
0	0	0	0	0	0	0	410
0	0	0	0	0	0	0	411
0	0	0	0	0	0	0	412
0	0	0	0	0	0	0	413
0	0	0	0	0	0	0	414
0	0	0	0	0	0	0	415
0	0	0	0	0	0	0	416
0	0	0	0	0	0	0	417
0	0	0	0	0	0	0	418
0	0	0	0	0	0	0	419
0	0	0	0	0	0	0	420
0	0	0	0	0	0	0	421
0	0	0	0	0	0	0	422
0	0	0	0	0	0	0	423
0	0	0	0	0	0	0	424
0	0	0	0	0	0	0	425
0	0	0	0	0	0	0	426
0	0	0	0	0	0	0	427
0	0	0	0	0	0	0	428
0	0	0	0	0	0	0	429
0	0	0	0	0	0	0	430
0	0	0	0	0	0	0	431
0	0	0	0	0	0	0	432
0	0	0	0	0	0	0	433
0	0	0	0	0	0	0	434
0	0	0	0	0	0	0	435
0	0	0	0	0	0	0	436
0	0	0	0	0	0	0	437
0	0	0	0	0	0	0	438
0	0	0	0	0	0	0	439
0	0	0	0	0	0	0	440
0	0	0	0	0	0	0	441
0	0	0	0	0	0	0	442
0	0	0	0	0	0	0	443
0	0	0	0	0	0	0	444
0	0	0	0	0	0	0	445
0	0	0	0	0	0	0	446
0	0	0	0	0	0	0	447
0	0	0	0	0	0	0	448
0	0	0	0	0	0	0	449
0	0	0	0	0	0	0	450
0	0	0	0	0	0	0	451
0	0	0	0	0	0	0	452
0	0	0	0	0	0	0	453
0	0	0	0	0	0	0	454
0	0	0	0	0	0	0	455
0	0	0	0	0	0	0	456
0	0	0	0	0	0	0	457
0	0	0	0	0	0	0	458
0	0	0	0	0	0	0	459
0	0	0	0	0	0	0	460
0	0	0	0	0	0	0	461
0	0	0	0	0	0	0	462
0	0	0	0	0	0	0	463
0	0	0	0	0	0	0	464
0	0	0	0	0	0	0	465
0	0	0	0	0	0	0	466
0	0	0	0	0	0	0	467
0	0	0	0	0	0	0	468
0	0	0	0	0	0	0	469
0	0	0	0	0	0	0	470
0	0	0	0	0	0	0	471
0	0	0	0	0	0	0	472
0	0	0	0	0	0	0	473
0	0	0	0	0	0	0	474
0	0	0	0	0	0	0	475
0	0	0	0	0	0	0	476
0	0	0	0	0	0	0	477
0	0	0	0	0	0	0	478
0	0	0	0	0	0	0	479
0	0	0	0	0	0	0	480
0	0	0	0	0	0	0	481
0	0	0	0	0	0	0	482
0	0	0	0	0	0	0	483
0	0	0	0	0	0	0	484
0	0	0	0	0	0	0	485
0	0	0	0	0	0	0	486
0	0	0	0	0	0	0	487
0	0	0	0	0	0	0	488
0	0	0	0	0	0	0	489
0	0	0	0	0	0	0	490
0	0	0	0	0	0	0	491
0	0	0	0	0	0	0	492
0	0	0	0	0	0	0	493
0	0	0	0	0	0	0	494
0	0	0	0	0	0	0	495
0	0	0	0	0	0	0	496
0	0	0	0	0	0	0	497
0	0	0	0	0	0	0	498
0	0	0	0	0	0	0	499
0	0	0	0	0	0	0	500
0	0	0	0	0	0	0	501
0	0	0	0	0	0	0	502
0	0	0	0	0	0	0	503
0	0	0	0	0	0	0	504
0	0	0	0	0	0	0	505
0	0	0	0	0	0	0	506
0	0	0	0	0	0	0	507
0	0	0	0	0	0	0	508
0	0	0	0	0	0	0	509
0	0	0	0	0	0	0	510
0	0	0	0	0	0	0	511
0	0	0	0	0	0	0	512
0	0	0	0	0	0	0	513
0	0	0	0	0	0	0	514
0	0	0	0	0	0	0	515
0	0	0	0	0	0	0	516
0	0	0	0	0	0	0	517
0	0	0	0	0	0	0	518
0	0	0	0	0	0	0	519
0	0	0	0	0	0	0	520
0	0	0	0	0	0	0	521
0	0	0	0	0	0	0	522
0	0	0	0	0	0	0	523
0	0	0	0	0	0	0	524
0	0	0	0	0	0	0	525
0	0	0	0	0	0	0	526
0	0	0	0	0	0	0	527
0	0	0	0	0	0	0	528
0	0	0	0	0	0	0	529
0	0	0	0	0	0	0	530
0	0	0	0	0	0	0	531
0	0	0	0	0	0	0	532
0	0	0	0	0	0	0	533
0	0	0	0	0	0	0	534
0	0	0	0	0	0	0	535
0	0	0	0	0	0	0	536
0	0	0	0	0	0	0	537
0	0	0	0	0	0	0	538
0	0	0	0	0	0	0	539
0	0	0	0	0	0	0	540
0	0	0	0	0	0	0	541
0	0	0	0	0	0	0	542
0	0	0	0	0	0	0	543
0	0	0	0	0	0	0	544
0	0	0	0	0	0	0	545
0	0	0	0	0	0	0	546
0	0	0	0	0	0	0	547
0	0	0	0	0	0	0	548
0	0	0	0	0	0	0	549
0	0	0	0	0	0	0	550
0	0	0	0	0	0	0	551
0	0	0	0	0	0	0	552
0	0	0	0	0	0	0	553
0	0	0	0	0	0	0	554
0	0	0	0	0	0	0	555
0	0	0	0	0	0	0	556
0	0	0	0	0	0	0	557
0	0	0	0	0	0	0	558
0	0	0	0	0	0	0	559
0	0	0	0	0	0	0	560
0	0	0	0	0	0	0	561
0	0	0	0	0	0	0	562
0	0	0	0	0	0	0	563
0	0	0	0	0	0	0	564
0	0	0	0	0	0	0	565
0	0	0	0	0	0	0	566
0	0	0	0	0	0	0	567
0	0	0	0	0	0	0	568
0	0	0	0	0	0	0	569
0	0	0	0	0	0	0	570
0	0	0	0	0	0	0	571
0	0	0	0	0	0	0	572
0	0	0	0	0	0	0	573
0	0	0	0	0	0	0	574
0	0	0	0	0	0	0	575
0	0	0	0	0	0	0	576
0	0	0	0	0	0	0	577
0	0	0	0	0	0	0	578
0	0	0	0	0	0	0	579
0	0	0	0	0	0	0	580
0	0	0	0	0	0	0	581
0	0	0	0	0	0	0	582
0	0	0	0	0	0	0	583
0	0	0	0	0	0	0	584
0	0	0	0	0	0	0	585
0	0	0	0	0	0	0	586
0	0	0	0	0	0	0	587
0	0	0	0	0	0	0	588
0	0	0	0	0	0	0	589
0	0	0	0	0	0	0	590
0	0	0	0	0	0	0	591
0	0	0	0	0	0	0	592
0	0	0	0	0	0	0	593
0	0	0	0	0	0	0	594
0	0	0	0	0	0	0	595
0	0	0	0	0	0	0	596
0	0	0	0	0	0	0	597
0	0	0	0	0	0	0	598
0	0	0	0	0	0	0	599
0	0	0	0	0	0	0	600
0	0	0	0	0	0	0	601
0	0	0	0	0	0	0	602
0	0	0	0	0	0	0	603
0	0	0	0	0	0	0	604
0	0	0	0	0	0	0	605
0	0	0	0	0	0	0	606
0	0	0	0	0	0	0	607
0	0	0	0	0	0	0	608
0	0	0	0	0	0	0	609
0	0	0	0	0	0	0	610
0	0	0	0	0	0	0	611
0	0	0	0	0	0	0	612
0	0	0	0	0	0	0	613
0	0	0	0	0	0	0	614
0	0	0	0	0	0	0	615
0	0	0	0	0	0	0	616
0	0	0	0	0	0	0	617
0	0	0	0	0	0	0	618
0	0	0	0	0	0	0	619
0	0	0	0	0	0	0	620
0	0	0	0	0	0	0	621
0	0	0	0	0	0	0	622
0	0	0	0	0	0	0	623
0	0	0	0	0	0	0	624
0	0	0	0	0	0	0	625
0	0	0	0	0	0	0	626
0	0	0	0	0	0	0	627
0	0	0	0	0	0	0	628
0	0	0	0	0	0	0	629
0	0	0	0	0	0	0	630
0	0	0	0	0	0	0	631
0	0	0	0	0	0	0	632
0	0	0	0	0	0	0	633
0	0	0	0	0	0	0	634
0	0	0	0	0	0	0	635
0	0	0	0	0	0	0	636
0	0	0	0	0	0	0	637
0	0	0	0	0	0	0	638
0	0	0	0	0	0	0	639
0	0	0	0	0	0	0	640
0	0	0	0	0	0	0	641
0	0	0	0	0	0	0	642
0	0	0	0	0	0	0	643
0	0	0	0	0	0	0	644
0	0	0	0	0	0	0	645
0	0	0	0	0	0	0	646
0	0	0	0	0	0	0	647
0	0	0	0	0	0	0	648
0	0	0	0	0	0	0	649
0	0	0	0	0	0	0	650
0	0	0	0	0	0	0	651
0	0	0	0	0	0	0	652
0	0	0	0	0	0	0	653
0	0	0	0	0	0	0	654
0	0	0	0	0	0	0	655
0	0	0	0	0	0	0	656
0	0	0	0	0	0	0	657
0	0	0	0	0	0	0	658
0	0	0	0	0	0	0	659
0	0	0	0	0	0	0	660
0	0	0	0	0	0	0	661
0	0	0	0	0	0	0	662
0	0	0	0	0	0	0	663
0	0	0	0	0	0	0	664
0	0	0	0	0	0	0	665
0	0	0	0	0	0	0	666
0	0	0	0	0	0	0	667
0	0	0	0	0	0	0	668
0	0	0	0	0	0	0	669
0	0	0	0	0	0	0	670
0	0	0	0	0	0	0	671
0	0	0	0	0	0	0	672
0	0	0	0	0	0	0	673
0	0	0	0	0	0	0	674
0	0	0	0	0	0	0	675
0	0	0	0	0	0	0	676
0	0	0	0	0	0	0	677
0	0	0	0	0	0	0	678
0	0	0	0	0	0	0	679
0	0	0	0	0	0	0	680
0	0	0	0	0	0	0	681
0	0	0	0	0	0	0	682
0	0	0	0	0	0	0	683
0	0	0	0	0	0	0	684
0	0	0	0	0	0	0	685
0	0	0	0	0	0	0	686
0	0	0	0	0	0	0	687
0	0	0	0	0	0	0	688
0	0	0	0	0	0	0	689
0	0	0	0	0	0	0	690
0	0	0	0	0	0	0	691
0	0	0	0	0	0	0	692
0	0	0	0	0	0	0	693
0	0	0	0	0	0	0	694
0	0	0	0	0	0	0	695
0	0	0	0	0	0	0	696
0	0	0	0	0	0	0	697
0	0	0	0	0	0	0	698
0	0	0	0	0	0	0	699
0	0	0	0	0	0	0	700
0	0	0	0	0	0	0	701
0	0	0	0	0	0	0	702
0	0	0	0	0	0	0	703
0	0	0	0	0	0	0	704
0	0	0	0	0	0	0	705
0	0	0	0	0	0	0	706
0	0	0	0	0	0	0	707
0	0	0	0	0	0	0	708
0	0	0	0	0	0	0	709
0	0	0	0	0	0	0	710
0	0	0	0	0	0	0	711
0	0	0	0	0	0	0	712
0	0	0	0	0	0	0	713
0	0	0	0	0	0	0	714
0	0	0	0	0	0	0	715
0	0	0	0	0	0	0	716
0	0	0	0	0	0	0	717
0	0	0	0	0	0	0	718
0	0	0	0	0	0	0	719
0	0	0	0	0	0	0	720
0	0	0	0	0	0	0	721
0	0	0	0	0	0	0	722
0	0	0	0	0	0	0	723
0	0	0	0	0	0	0	724
0	0	0	0	0	0	0	725
0	0	0	0	0	0	0	726
0	0	0	0	0	0	0	727
0	0	0	0	0	0	0	728
0	0	0	0	0	0	0	729
0	0	0	0	0	0	0	730
0	0	0	0	0	0	0	731
0	0	0	0	0	0	0	732
0	0	0	0	0	0	0	733
0	0	0	0	0	0	0	734
0	0	0	0	0	0	0	735
0	0	0	0	0	0	0	736
0	0	0	0	0	0	0	737
0	0	0	0	0	0	0	738
0	0	0	0	0	0	0	739
0	0	0	0	0	0	0	740
0	0	0	0	0	0	0	741
0	0	0	0	0	0	0	742
0	0	0	0	0	0	0	743
0	0	0	0	0	0	0	744
0	0	0	0	0	0	0	745
0	0	0	0	0	0	0	746
0	0	0	0	0	0	0	747
0	0	0	0	0	0	0	748
0	0	0	0	0	0	0	749
0	0	0	0	0	0	0	750
0	0	0	0	0	0	0	751
0	0	0	0	0	0	0	752
0	0	0	0	0	0	0	753
0	0	0	0	0	0	0	754
0	0	0	0	0	0	0	755
0	0	0	0	0	0	0	756
0	0	0	0	0	0	0	757
0	0	0	0	0	0	0	758
0	0	0	0	0	0	0	759
0	0	0	0	0	0	0	760
0	0	0	0	0	0	0	761
0	0	0	0	0	0	0	762
0	0	0	0	0	0	0	763
0	0	0	0	0	0	0	764
0	0	0	0	0	0	0	765
0	0	0	0	0	0	0	766
0	0	0	0	0	0	0	767
0	0	0	0	0	0	0	768
0	0	0	0	0	0	0	769
0	0	0	0	0	0	0	770
0	0	0	0	0	0	0	771
0	0	0	0	0	0	0	772
0	0	0	0	0	0	0	773
0	0	0	0	0	0	0	774
0	0	0	0	0	0	0	775
0	0	0	0	0	0	0	776
0	0	0	0	0	0	0	777
0	0	0	0	0	0	0	778
0	0	0	0	0	0	0	779
0	0	0	0	0	0	0	780
0	0	0	0	0	0	0	781
0	0	0	0	0	0	0	782
0	0	0	0	0	0	0	783
0	0	0	0	0	0	0	784
0	0	0	0	0	0	0	785
0	0	0	0	0	0	0	786
0	0	0	0	0	0	0	787
0	0	0	0	0	0	0	788
0	0	0	0	0	0	0	789
0	0	0	0	0	0	0	790
0	0	0	0	0	0	0	791
0	0	0	0	0	0	0	792
0	0	0	0	0	0	0	793
0	0	0	0	0	0	0	794
0	0	0	0	0	0	0	795
0	0	0	0	0	0	0	796
0	0	0	0	0	0	0	797
0	0	0	0	0	0	0	798
0	0	0	0	0	0	0	799
0	0	0	0	0	0	0	800
0	0	0	0	0	0	0	801
0	0	0	0	0	0	0	802
0	0	0	0	0	0	0	803
0	0	0	0	0	0	0	804
0	0	0	0	0	0	0	805
0	0	0	0	0	0	0	806
0	0	0	0	0	0	0	807
0	0	0	0	0	0	0	808
0	0	0	0	0	0	0	809
0	0	0	0	0	0	0	810
0	0	0	0	0	0	0	811
0	0	0	0	0	0	0	812
0	0	0	0	0	0	0	813
0	0	0	0	0	0	0	814
0	0	0	0	0	0	0	815
0	0	0	0	0	0	0	816
0	0	0	0	0	0	0	817
0	0	0	0	0	0	0	818
0	0	0	0	0	0	0	819
0	0	0	0	0	0	0	820
0	0	0	0	0	0	0	821
0	0	0	0	0	0	0	822
0	0	0	0	0	0	0	823
0	0	0	0	0	0	0	824
0	0	0	0	0	0	0	825
0	0	0	0	0	0	0	826
0	0	0	0	0	0	0	827
0	0	0	0	0	0	0	828
0	0	0	0	0	0	0	829
0	0	0	0	0	0	0	830
0	0	0	0	0	0	0	831
0	0	0	0	0	0	0	832
0	0	0	0	0	0	0	833
0	0	0	0	0	0	0	834
0	0	0	0	0	0	0	835
0	0	0	0	0	0	0	836
0	0	0	0	0	0	0	837
0	0	0	0	0	0	0	838
0	0	0	0	0	0	0	839
0	0	0	0	0	0	0	840
0	0	0	0	0	0	0	841
0	0	0	0	0	0	0	842
0	0	0	0	0	0	0	843
0	0	0	0	0	0	0	844
0	0	0	0	0	0	0	845
0	0	0	0	0	0	0	846
0	0	0	0	0	0	0	847
0	0	0	0	0	0	0	848
0	0	0	0	0	0	0	849
0	0	0	0	0	0	0	850
0	0	0	0	0	0	0	851
0	0	0	0	0	0	0	852
0	0	0	0	0	0	0	853
0	0	0	0	0	0	0	854
0	0	0	0	0	0	0	855
0	0	0	0	0	0	0	856
0	0	0	0	0	0	0	857
0	0	0	0	0	0	0	858
0	0	0	0	0	0	0	859
0	0	0	0	0	0	0	860
0	0	0	0	0	0	0	861
0	0	0	0	0	0	0	862
0	0	0	0	0	0	0	863
0	0	0	0	0	0	0	864
0	0	0	0	0	0	0	865
0	0	0	0	0	0	0	866
0	0	0	0	0	0	0	867
0	0	0	0	0	0	0	868
0	0	0	0	0	0	0	869
0	0	0	0	0	0	0	870
0	0	0	0	0	0	0	871
0	0	0	0	0	0	0	872
0	0	0	0	0	0	0	873
0	0	0	0	0	0	0	874
0	0	0	0	0	0	0	875
0	0	0	0	0	0	0	876
0	0	0	0	0	0	0	877
0	0	0	0	0	0	0	878
0	0	0	0	0	0	0	879
0	0	0	0	0	0	0	880
0	0	0	0	0	0	0	881
0	0	0	0	0	0	0	882
0	0	0	0	0	0	0	883
0	0	0	0	0	0	0	884
0	0	0	0	0	0	0	885
0	0	0	0	0	0	0	886
0	0	0	0	0	0	0	887
0	0	0	0	0	0	0	888
0	0	0	0	0	0	0	889
0	0	0	0	0	0	0	890
0	0	0	0	0	0	0	891
0	0	0	0	0	0	0	892
0	0	0	0	0	0	0	893
0	0	0	0	0	0	0	894
0	0	0	0	0	0	0	895
0	0	0	0	0	0	0	896
0	0	0	0	0	0	0	897
0	0	0	0	0	0	0	898
0	0	0	0	0	0	0	899
0	0	0	0	0	0	0	900
0	0	0	0	0	0	0	901
0	0	0	0	0	0	0	902
0	0	0	0	0	0	0	903
0	0	0	0	0	0	0	904
0	0	0	0	0	0	0	905
0	0	0	0	0	0	0	906
0	0	0	0	0	0	0	907
0	0	0	0	0	0	0	908
0	0	0	0	0	0	0	909
0	0	0	0	0	0	0	910
0	0	0	0	0	0	0	911
0	0	0	0	0	0	0	912
0	0	0	0	0	0	0	913
0	0	0	0	0	0	0	914
0	0	0	0	0	0	0	915
0	0	0	0	0	0	0	916
0	0	0	0	0	0	0	917
0	0	0	0	0	0	0	918
0	0	0	0	0	0	0	919
0	0	0	0	0	0	0	920
0	0	0	0	0	0	0	921
0	0	0	0	0	0	0	922
0	0	0	0	0	0	0	923
0	0	0	0	0	0	0	924
0	0	0	0	0	0	0	925
0	0	0	0	0	0	0	926
0	0	0	0	0	0	0	927
0	0	0	0	0	0	0	928
0	0	0	0	0	0	0	929
0	0	0	0	0	0	0	930
0	0	0	0	0	0	0	931
0	0	0	0	0	0	0	932
0	0	0	0	0	0	0	933
0	0	0	0	0	0	0	934
0	0	0	0	0	0	0	935
0	0	0	0	0	0	0	936
0	0	0	0	0	0	0	937
0	0	0	0	0	0	0	938
0	0	0	0	0	0	0	939
0	0	0	0	0	0	0	940
0	0	0	0	0	0	0	941
0	0	0	0	0	0	0	942
0	0	0	0	0	0	0	943
0	0	0	0	0	0	0	944
0	0	0	0	0	0	0	945
0	0	0	0	0	0	0	946
0	0	0	0	0	0	0	947
0	0	0	0	0	0	0	948
0	0	0	0	0	0	0	949
1	1	170	60	204	106	1564	950
1	1	169	60	204	106	1610	951
1	1	162	60	204	108	2016	952
1	1	160	60	204	116	2464	953
1	1	159	60	205	120	2760	954
1	1	158	60	204	124	2944	955
1	1	156	60	204	125	3120	956
1	1	148	60	204	125	3640	957
1	1	147	60	203	125	3640	958
1	1	146	60	204	125	3770	959
1	1	144	60	206	125	4030	960
1	1	147	60	213	133	4818	961
1	1	147	60	214	132	4824	962
1	1	148	60	217	142	5658	963
1	1	149	60	220	144	5964	964
1	1	150	60	220	144	5880	965
1	1	151	60	220	144	5796	966
1	1	153	60	221	149	6052	967
1	1	154	60	225	155	6745	968
1	1	156	60	230	178	8732	969
1	1	159	60	236	182	9394	970
1	1	160	60	239	184	9796	971
1	1	163	63	242	189	9954	972
1	1	164	65	244	190	10000	973
1	1	165	66	246	187	9801	974
1	1	166	68	249	190	10126	975
1	1	169	71	254	189	10030	976
1	1	172	76	264	198	11224	977
1	1	177	82	270	211	11997	978
1	1	182	88	273	219	11921	979
1	1	187	95	274	221	10962	980
1	1	193	101	275	221	9840	981
1	1	196	108	275	221	8927	982
1	1	200	116	281	221	8505	983
1	1	203	126	289	226	8600	984
1	1	208	138	294	235	8342	985
1	1	210	152	299	253	8989	986
1	1	213	169	302	269	8900	987
1	1	215	187	304	275	7832	988
1	1	217	199	304	277	6786	989
1	1	218	203	304	288	7310	990
1	1	218	214	301	307	7719	991
1	1	219	228	299	325	7760	992
1	1	224	251	302	353	7956	993
1	1	227	252	303	364	8512	994
1	1	231	253	305	372	8806	995
1	1	236	253	307	380	9017	996
1	1	241	255	310	388	9177	997
1	1	244	263	313	396	9177	998
1	1	248	273	316	403	8840	999
1	1	251	284	319	408	8432	1000
1	1	254	296	321	410	7638	1001
1	1	257	301	324	410	7303	1002
1	1	264	301	330	410	7194	1003
1	1	267	301	334	410	7303	1004
1	1	269	301	339	410	7630	1005
1	1	272	305	344	410	7560	1006
1	1	280	311	348	410	6732	1007
1	1	287	319	354	410	6097	1008
1	1	291	315	369	410	7410	1009
1	1	291	317	380	410	8277	1010
1	1	292	312	386	410	9212	1011
1	1	295	312	392	410	9506	1012
1	1	300	313	398	410	9506	1013
1	1	305	312	403	407	9310	1014
1	1	315	315	408	404	8277	1015
1	1	332	311	413	401	7290	1016
1	1	333	310	417	396	7224	1017
1	1	333	298	422	390	8188	1018
1	1	333	286	426	384	9114	1019
1	1	333	281	430	378	9409	1020
1	1	334	277	435	371	9494	1021
1	1	336	273	440	363	9360	1022
1	1	339	274	446	358	8988	1023
1	1	345	273	450	351	8190	1024
1	1	351	273	450	343	6930	1025
1	1	354	269	450	335	6336	1026
1	1	356	250	450	327	7238	1027
1	1	356	239	450	318	7426	1028
1	1	356	232	450	308	7144	1029
1	1	356	226	450	299	6862	1030
1	1	356	224	450	294	6580	1031
1	1	350	223	450	289	6600	1032
1	1	351	221	450	281	5940	1033
1	1	348	220	450	276	5712	1034
1	1	349	212	450	270	5858	1035
1	1	350	202	450	265	6300	1036
1	1	350	191	450	255	6400	1037
1	1	347	179	450	250	7313	1038
1	1	346	171	450	246	7800	1039
1	1	346	161	450	243	8528	1040
1	1	347	150	450	239	9167	1041
1	1	346	140	450	231	9464	1042
1	1	345	130	450	229	10395	1043
1	1	344	120	450	219	10494	1044
1	1	340	111	446	211	10600	1045
1	1	335	104	442	202	10486	1046
1	1	332	97	435	199	10506	1047
1	1	331	91	430	196	10395	1048
1	1	330	84	424	193	10246	1049
1	1	330	76	418	187	9768	1050
1	1	330	70	413	178	8964	1051
1	1	330	63	409	169	8374	1052
1	1	330	60	404	157	7178	1053
1	1	328	60	401	154	6862	1054
1	1	326	60	398	150	6480	1055
1	1	324	60	394	150	6300	1056
1	1	322	60	388	149	5874	1057
1	1	320	60	388	144	5712	1058
1	1	319	60	381	136	4712	1059
1	1	318	60	383	127	4355	1060
1	1	316	60	383	118	3886	1061
1	1	314	60	378	114	3456	1062
1	1	310	60	363	114	2862	1063
1	1	306	60	357	113	2703	1064
1	1	304	60	353	113	2597	1065
1	1	303	60	347	112	2288	1066
1	1	302	60	338	101	1476	1067
1	1	302	60	338	101	1476	1068
1	1	302	60	338	101	1476	1069
1	1	302	60	338	101	1476	1070
1	1	302	60	338	101	1476	1071
1	1	302	60	338	101	1476	1072
1	1	302	60	338	101	1476	1073
0	0	0	0	0	0	0	1074
0	0	0	0	0	0	0	1075
0	0	0	0	0	0	0	1076
0	0	0	0	0	0	0	1077
0	0	0	0	0	0	0	1078
0	0	0	0	0	0	0	1079
0	0	0	0	0	0	0	1080
0	0	0	0	0	0	0	1081
0	0	0	0	0	0	0	1082
0	0	0	0	0	0	0	1083
0	0	0	0	0	0	0	1084
0	0	0	0	0	0	0	1085
0	0	0	0	0	0	0	1086
0	0	0	0	0	0	0	1087
0	0	0	0	0	0	0	1088
0	0	0	0	0	0	0	1089
0	0	0	0	0	0	0	1090
0	0	0	0	0	0	0	1091
0	0	0	0	0	0	0	1092
0	0	0	0	0	0	0	1093
0	0	0	0	0	0	0	1094
0	0	0	0	0	0	0	1095
0	0	0	0	0	0	0	1096
0	0	0	0	0	0	0	1097
0	0	0	0	0	0	0	1098
0	0	0	0	0	0	0	1099
0	0	0	0	0	0	0	1100
0	0	0	0	0	0	0	1101
0	0	0	0	0	0	0	1102
0	0	0	0	0	0	0	1103
0	0	0	0	0	0	0	1104
0	0	0	0	0	0	0	1105
0	0	0	0	0	0	0	1106
0	0	0	0	0	0	0	1107
0	0	0	0	0	0	0	1108
0	0	0	0	0	0	0	1109
0	0	0	0	0	0	0	1110
0	0	0	0	0	0	0	1111
0	0	0	0	0	0	0	1112
0	0	0	0	0	0	0	1113
0	0	0	0	0	0	0	1114
0	0	0	0	0	0	0	1115
0	0	0	0	0	0	0	1116
0	0	0	0	0	0	0	1117
0	0	0	0	0	0	0	1118
0	0	0	0	0	0	0	1119
0	0	0	0	0	0	0	1120
0	0	0	0	0	0	0	1121
0	0	0	0	0	0	0	1122
0	0	0	0	0	0	0	1123
0	0	0	0	0	0	0	1124
0	0	0	0	0	0	0	1125
0	0	0	0	0	0	0	1126
0	0	0	0	0	0	0	1127
0	0	0	0	0	0	0	1128
0	0	0	0	0	0	0	1129
0	0	0	0	0	0	0	1130
0	0	0	0	0	0	0	1131
0	0	0	0	0	0	0	1132
0	0	0	0	0	0	0	1133
0	0	0	0	0	0	0	1134
0	0	0	0	0	0	0	1135
0	0	0	0	0	0	0	1136
0	0	0	0	0	0	0	1137
0	0	0	0	0	0	0	1138
0	0	0	0	0	0	0	1139
0	0	0	0	0	0	0	1140
0	0	0	0	0	0	0	1141
0	0	0	0	0	0	0	1142
0	0	0	0	0	0	0	1143
0	0	0	0	0	0	0	1144
0	0	0	0	0	0	0	1145
0	0	0	0	0	0	0	1146
0	0	0	0	0	0	0	1147
0	0	0	0	0	0	0	1148
0	0	0	0	0	0	0	1149
0	0	0	0	0	0	0	1150
0	0	0	0	0	0	0	1151
0	0	0	0	0	0	0	1152
0	0	0	0	0	0	0	1153
0	0	0	0	0	0	0	1154
0	0	0	0	0	0	0	1155
0	0	0	0	0	0	0	1156
0	0	0	0	0	0	0	1157
0	0	0	0	0	0	0	1158
0	0	0	0	0	0	0	1159
0	0	0	0	0	0	0	1160
0	0	0	0	0	0	0	1161
0	0	0	0	0	0	0	1162
0	0	0	0	0	0	0	1163
0	0	0	0	0	0	0	1164
0	0	0	0	0	0	0	1165
0	0	0	0	0	0	0	1166
0	0	0	0	0	0	0	1167
0	0	0	0	0	0	0	1168
0	0	0	0	0	0	0	1169
0	0	0	0	0	0	0	1170
0	0	0	0	0	0	0	1171
0	0	0	0	0	0	0	1172
0	0	0	0	0	0	0	1173
0	0	0	0	0	0	0	1174
0	0	0	0	0	0	0	1175
0	0	0	0	0	0	0	1176
0	0	0	0	0	0	0	1177
0	0	0	0	0	0	0	1178
0	0	0	0	0	0	0	1179
0	0	0	0	0	0	0	1180
0	0	0	0	0	0	0	1181
0	0	0	0	0	0	0	1182
0	0	0	0	0	0	0	1183
0	0	0	0	0	0	0	1184
0	0	0	0	0	0	0	1185
0	0	0	0	0	0	0	1186
0	0	0	0	0	0	0	1187
0	0	0	0	0	0	0	1188
0	0	0	0	0	0	0	1189
1	2	233	60	261	100	1120	1190
1	2	232	60	261	101	1189	1191
1	2	232	60	261	110	1450	1192
1	2	232	60	262	119	1770	1193
1	2	233	60	263	124	1920	1194
2	2	233	60	263	124	1920	1195
2	3	233	60	263	126	1980	1195
3	2	233	60	263	124	1920	1196
3	3	233	60	263	126	1980	1196
3	4	224	60	263	129	2691	1196
2	2	223	60	275	129	3588	1197
2	4	224	60	263	129	2691	1197
1	2	222	60	274	129	3588	1198
1	2	221	60	274	129	3657	1199
1	2	220	60	275	129	3795	1200
1	2	219	60	275	135	4200	1201
1	2	219	60	276	148	5016	1202
1	2	220	60	277	151	5187	1203
1	2	221	60	278	156	5472	1204
1	2	222	60	280	163	5974	1205
1	2	224	60	282	164	6032	1206
1	2	227	60	288	165	6405	1207
1	2	228	60	293	168	7020	1208
1	2	229	60	295	183	8118	1209
1	2	230	60	299	196	9384	1210
2	2	230	60	301	203	10153	1211
2	5	131	60	188	88	1596	1211
2	2	230	64	301	208	10224	1212
2	5	130	60	186	89	1624	1212
2	2	229	71	301	212	10152	1213
2	5	133	60	182	94	1666	1213
2	2	229	77	301	212	9720	1214
2	5	123	60	180	98	2166	1214
2	2	229	83	301	213	9360	1215
2	5	120	60	178	88	1624	1215
2	2	229	89	302	213	9052	1216
2	5	116	60	176	90	1800	1216
2	2	228	96	303	214	8850	1217
2	5	113	60	175	104	2728	1217
2	2	228	105	304	219	8664	1218
2	5	111	60	173	104	2728	1218
2	2	229	116	306	235	9163	1219
2	5	109	60	171	103	2666	1219
2	2	232	129	308	249	9120	1220
2	5	107	60	170	104	2772	1220
2	2	235	143	312	257	8778	1221
2	5	105	60	167	104	2728	1221
2	2	239	159	316	260	7777	1222
2	5	103	60	165	104	2728	1222
2	2	243	175	320	262	6699	1223
2	5	101	60	162	109	2989	1223
2	2	246	191	324	262	5538	1224
2	5	100	60	160	114	3240	1224
2	2	248	207	327	271	5056	1225
2	5	98	60	159	103	2623	1225
2	2	249	220	330	289	5589	1226
2	5	96	60	156	120	3600	1226
2	2	252	238	331	318	6320	1227
2	5	93	64	153	121	3420	1227
2	2	256	239	331	331	6900	1228
2	5	90	67	153	122	3465	1228
2	2	255	239	331	343	7904	1229
2	5	88	69	150	122	3286	1229
2	2	256	239	329	354	8395	1230
2	5	86	72	149	122	3150	1230
2	2	257	240	326	363	8487	1231
2	5	84	75	147	124	3087	1231
2	2	257	243	326	373	8970	1232
2	5	82	78	146	127	3136	1232
2	2	257	252	325	382	8840	1233
2	5	81	82	144	137	3465	1233
2	2	256	264	324	390	8568	1234
2	5	80	85	142	143	3596	1234
2	2	257	286	321	402	7424	1235
2	5	77	91	137	144	3180	1235
2	2	254	289	319	408	7735	1236
2	5	75	94	134	144	2950	1236
2	2	255	289	317	410	7502	1237
2	5	73	97	132	146	2891	1237
2	2	251	289	314	410	7623	1238
2	5	71	99	153	157	4756	1238
2	2	251	289	312	410	7381	1239
2	5	70	102	153	158	4648	1239
2	2	253	290	309	410	6720	1240
2	5	69	104	153	163	4956	1240
2	2	257	293	305	410	5616	1241
2	5	67	107	132	157	3250	1241
2	2	260	300	300	410	4400	1242
2	5	66	109	128	159	3100	1242
2	2	257	305	297	410	4200	1243
2	5	64	111	130	163	3432	1243
2	2	255	311	295	410	3960	1244
2	5	64	114	128	166	3328	1244
2	2	252	317	293	410	3813	1245
2	5	62	117	124	167	3100	1245
2	2	248	316	291	410	4042	1246
2	5	60	119	123	168	3087	1246
2	2	243	316	290	410	4418	1247
2	5	58	121	121	168	2961	1247
2	2	236	315	288	410	4940	1248
2	5	57	124	148	177	4823	1248
2	2	233	313	288	410	5335	1249
2	5	56	126	145	196	6230	1249
2	2	227	312	287	410	5880	1250
2	5	55	129	117	198	4278	1250
2	2	222	311	286	410	6336	1251
2	5	54	131	120	202	4686	1251
2	2	217	312	281	410	6272	1252
2	5	53	133	121	203	4760	1252
2	2	212	312	273	410	5978	1253
2	5	52	135	140	207	6336	1253
2	2	207	312	266	410	5782	1254
2	5	51	137	139	208	6248	1254
2	2	203	312	259	410	5488	1255
2	5	50	138	117	211	4891	1255
2	2	198	311	253	410	5445	1256
2	5	49	139	138	214	6675	1256
2	2	193	306	251	410	6032	1257
2	5	49	140	138	216	6764	1257
2	2	188	296	252	410	7296	1258
2	5	48	141	137	216	6675	1258
2	2	183	286	251	410	8432	1259
2	5	47	142	116	217	5175	1259
2	2	177	279	251	405	9324	1260
2	5	47	142	138	220	7098	1260
2	2	170	276	251	399	9963	1261
2	5	47	142	138	220	7098	1261
2	2	163	274	250	393	10353	1262
2	5	46	144	137	220	6916	1262
2	2	156	267	250	385	11092	1263
2	5	45	145	140	220	7125	1263
2	2	149	264	251	379	11730	1264
2	5	45	146	138	220	6882	1264
2	2	143	261	251	373	12096	1265
2	5	45	147	137	220	6716	1265
2	2	137	257	250	366	12317	1266
2	5	45	149	137	220	6532	1266
2	2	134	255	253	358	12257	1267
2	5	45	150	138	218	6324	1267
2	2	131	251	253	350	12078	1268
2	5	45	149	139	217	6392	1268
2	2	129	240	252	342	12546	1269
2	5	44	149	137	214	6045	1269
2	2	128	232	252	333	12524	1270
2	5	44	149	137	212	5859	1270
2	2	128	228	252	324	11904	1271
2	5	43	148	114	208	4260	1271
2	2	128	225	250	315	10980	1272
2	5	43	147	135	210	5796	1272
2	2	128	225	244	298	8468	1273
2	5	40	146	115	204	4350	1273
2	2	127	224	242	289	7475	1274
2	5	40	146	133	218	6696	1274
2	2	127	221	231	281	6240	1275
2	5	40	146	132	221	6900	1275
2	2	129	214	234	274	6300	1276
2	5	40	146	122	212	5412	1276
2	2	132	201	238	269	7208	1277
2	5	40	146	117	214	5236	1277
2	2	136	195	244	265	7560	1278
2	5	40	146	119	216	5530	1278
2	2	141	195	252	260	7215	1279
2	5	40	146	100	217	4260	1279
2	2	146	194	252	256	6572	1280
2	5	40	146	118	217	5538	1280
2	2	152	187	254	253	6732	1281
2	5	40	146	118	217	5538	1281
2	2	159	180	256	251	6887	1282
2	5	40	146	118	220	5772	1282
2	2	167	173	256	250	6853	1283
2	5	40	146	117	222	5852	1283
2	2	176	168	258	250	6724	1284
2	5	40	147	116	224	5852	1284
2	2	199	163	271	247	6048	1285
2	5	40	148	116	229	6156	1285
2	2	211	165	284	245	5840	1286
2	5	40	148	116	232	6384	1286
2	2	220	169	293	251	5986	1287
2	5	40	148	116	233	6460	1287
2	2	227	175	297	253	5460	1288
2	5	40	149	115	235	6450	1288
2	2	230	181	304	255	5476	1289
2	5	40	149	115	235	6450	1289
2	2	233	188	315	264	6232	1290
2	5	40	149	115	235	6450	1290
2	2	239	195	325	274	6794	1291
2	5	40	150	116	237	6612	1291
2	2	261	209	345	294	7140	1292
2	5	40	151	116	238	6612	1292
2	2	271	215	355	303	7392	1293
2	5	40	151	116	238	6612	1293
2	2	271	222	363	311	8188	1294
2	5	40	151	116	238	6612	1294
2	2	272	224	369	320	9312	1295
2	5	40	151	117	238	6699	1295
2	2	273	223	374	328	10605	1296
2	5	40	152	116	238	6536	1296
2	2	275	228	379	335	11128	1297
2	5	40	152	116	238	6536	1297
2	2	278	233	384	344	11766	1298
2	5	40	152	116	238	6536	1298
2	2	282	238	389	352	12198	1299
2	5	40	152	116	238	6536	1299
2	2	288	245	393	361	12180	1300
2	5	40	153	116	238	6460	1300
2	2	299	261	396	369	10476	1301
2	5	40	153	116	238	6460	1301
2	2	308	269	396	376	9416	1302
2	5	40	153	116	238	6460	1302
2	2	312	269	395	382	9379	1303
2	5	40	153	116	237	6384	1303
2	2	314	270	393	388	9322	1304
2	5	40	153	116	237	6384	1304
2	2	314	270	391	393	9471	1305
2	5	40	154	116	239	6460	1305
2	2	315	271	389	399	9472	1306
2	5	40	154	116	239	6460	1306
2	2	316	277	387	405	9088	1307
2	5	40	154	117	240	6622	1307
2	2	318	301	386	410	7412	1308
2	5	40	154	116	240	6536	1308
2	2	317	312	386	410	6762	1309
2	5	40	154	100	240	5160	1309
2	2	317	313	385	410	6596	1310
2	5	40	154	116	240	6536	1310
2	2	317	316	383	410	6204	1311
2	5	40	154	103	241	5481	1311
2	2	314	316	382	410	6392	1312
2	5	40	153	103	242	5607	1312
2	2	311	316	380	410	6486	1313
2	5	40	153	116	240	6612	1313
2	2	308	316	378	410	6580	1314
2	5	40	153	116	240	6612	1314
2	2	305	315	377	410	6840	1315
2	5	40	153	116	240	6612	1315
2	2	304	317	376	410	6696	1316
2	5	40	153	116	240	6612	1316
2	2	303	316	375	410	6768	1317
2	5	40	153	116	240	6612	1317
2	2	303	317	373	410	6510	1318
2	5	40	151	116	243	6992	1318
2	2	313	351	372	410	3481	1319
2	5	40	151	116	243	6992	1319
2	2	304	322	370	410	5808	1320
2	5	40	149	103	240	5733	1320
2	2	304	325	367	410	5355	1321
2	5	40	148	101	243	5795	1321
2	2	304	327	364	410	4980	1322
2	5	40	147	101	242	5795	1322
2	2	307	330	361	410	4320	1323
2	5	40	146	101	241	5795	1323
2	2	308	358	358	410	2600	1324
2	5	40	144	101	240	5856	1324
2	2	308	363	356	410	2256	1325
2	5	40	143	101	241	5978	1325
2	2	308	370	353	410	1800	1326
2	5	40	143	101	241	5978	1326
2	2	308	372	351	410	1634	1327
2	5	40	140	101	240	6100	1327
2	2	308	372	351	410	1634	1328
2	5	40	140	101	240	6100	1328
2	2	308	372	351	410	1634	1329
2	5	40	137	101	240	6283	1329
2	2	308	372	351	410	1634	1330
2	5	40	135	102	240	6510	1330
2	2	308	372	351	410	1634	1331
2	5	40	135	103	240	6615	1331
2	2	308	372	351	410	1634	1332
2	5	40	133	106	240	7062	1332
2	2	308	372	351	410	1634	1333
2	5	40	200	93	240	2120	1333
1	5	40	200	93	238	2014	1334
1	5	40	200	93	240	2120	1335
1	5	40	200	93	240	2120	1336
1	5	40	200	93	240	2120	1337
1	5	40	200	93	240	2120	1338
1	5	40	200	93	240	2120	1339
1	5	40	200	93	240	2120	1340
1	5	40	200	93	240	2120	1341
1	5	40	200	93	240	2120	1342
1	5	40	200	93	240	2120	1343
1	5	58	120	109	174	2754	1344
1	5	40	200	93	240	2120	1345
1	5	40	200	93	240	2120	1346
1	5	40	200	93	238	2014	1347
1	5	40	200	93	240	2120	1348
1	5	40	120	111	239	8449	1349
1	5	40	200	93	240	2120	1350
1	5	40	200	93	240	2120	1351
1	5	58	121	111	179	3074	1352
1	5	58	121	111	181	3180	1353
1	5	40	200	93	240	2120	1354
1	5	57	122	111	182	3240	1355
1	5	40	122	111	240	8378	1356
1	5	57	123	111	183	3240	1357
1	5	40	123	111	240	8307	1358
1	5	40	123	111	240	8307	1359
1	5	40	123	111	240	8307	1360
1	5	40	200	93	239	2067	1361
1	5	40	124	112	239	8280	1362
1	5	57	124	113	172	2688	1363
1	5	57	124	114	169	2565	1364
1	5	57	123	115	166	2494	1365
1	5	57	123	115	166	2494	1366
1	5	58	123	116	164	2378	1367
1	5	58	122	116	163	2378	1368
1	5	58	121	116	163	2436	1369
1	5	59	120	116	163	2451	1370
1	5	59	120	116	164	2508	1371
1	5	59	120	116	164	2508	1372
1	5	59	120	116	164	2508	1373
1	5	60	119	117	163	2508	1374
1	5	60	119	117	163	2508	1375
1	5	59	119	116	163	2508	1376
1	5	59	119	116	163	2508	1377
1	5	40	211	92	248	1924	1378
1	5	40	211	92	248	1924	1379
1	5	58	120	116	179	3422	1380
1	5	40	212	92	249	1924	1381
1	5	57	122	116	181	3481	1382
1	5	40	212	92	249	1924	1383
1	5	40	212	92	249	1924	1384
1	5	40	212	92	249	1924	1385
1	5	40	212	92	249	1924	1386
1	5	40	212	92	249	1924	1387
1	5	40	212	92	249	1924	1388
1	5	40	212	92	249	1924	1389
1	5	40	212	92	249	1924	1390
1	5	40	212	92	249	1924	1391
1	5	40	212	92	249	1924	1392
1	5	40	212	92	249	1924	1393
1	5	40	212	92	249	1924	1394
1	5	40	212	92	249	1924	1395
1	5	40	212	92	249	1924	1396
1	5	40	212	92	255	2236	1397
1	5	49	135	106	178	2451	1398
1	5	40	212	92	255	2236	1399
1	5	40	212	92	255	2236	1400
1	5	40	212	92	255	2236	1401
1	5	40	212	92	255	2236	1402
1	5	40	212	92	255	2236	1403
1	5	40	212	92	255	2236	1404
1	5	47	140	105	181	2378	1405
1	5	40	213	92	253	2080	1406
1	5	47	140	103	180	2240	1407
1	5	46	140	103	182	2394	1408
1	5	46	140	103	181	2337	1409
1	5	46	141	103	183	2394	1410
1	5	46	140	103	181	2337	1411
1	5	47	140	103	182	2352	1412
1	5	47	140	103	182	2352	1413
1	5	47	140	103	182	2352	1414
1	5	47	140	103	181	2296	1415
1	5	47	140	103	181	2296	1416
1	5	47	140	103	181	2296	1417
1	5	47	140	103	181	2296	1418
1	5	47	140	103	181	2296	1419
1	5	47	140	103	181	2296	1420
1	5	47	140	103	181	2296	1421
1	5	47	140	103	181	2296	1422
1	5	47	140	103	181	2296	1423
1	5	47	140	103	181	2296	1424
1	5	47	140	103	181	2296	1425
1	5	47	140	103	181	2296	1426
1	5	47	140	103	181	2296	1427
1	5	47	140	103	181	2296	1428
1	5	47	140	103	181	2296	1429
1	5	47	140	103	181	2296	1430
1	5	47	140	103	181	2296	1431
1	5	47	140	103	181	2296	1432
1	5	47	140	103	181	2296	1433
1	5	47	140	103	181	2296	1434
1	5	47	140	103	181	2296	1435
1	5	40	214	85	253	1755	1436
1	5	40	214	85	253	1755	1437
1	5	40	214	85	253	1755	1438
1	5	40	214	85	253	1755	1439
1	5	40	215	86	254	1794	1440
1	5	40	215	87	254	1833	1441
1	5	40	215	92	254	2028	1442
1	5	40	216	87	255	1833	1443
1	5	40	217	86	256	1794	1444
1	5	40	218	86	257	1794	1445
1	5	40	220	86	259	1794	1446
1	5	40	221	86	260	1794	1447
1	5	47	139	103	180	2296	1448
1	5	47	139	103	180	2296	1449
1	5	47	139	103	180	2296	1450
1	5	47	139	103	180	2296	1451
1	5	47	139	103	180	2296	1452
1	5	47	139	103	180	2296	1453
1	5	47	139	103	180	2296	1454
1	5	47	139	103	180	2296	1455
1	5	47	139	103	180	2296	1456
1	5	47	139	103	180	2296	1457
1	5	47	139	103	180	2296	1458
1	5	47	139	103	180	2296	1459
1	5	47	139	103	180	2296	1460
1	5	47	139	102	180	2255	1461
1	5	47	139	102	180	2255	1462
1	5	47	139	102	180	2255	1463
1	5	47	139	102	180	2255	1464
1	5	47	139	102	180	2255	1465
1	5	47	139	102	180	2255	1466
1	5	47	139	102	180	2255	1467
1	5	47	139	102	180	2255	1468
1	5	47	139	102	180	2255	1469
1	5	47	139	102	180	2255	1470
1	5	47	139	102	180	2255	1471
1	5	47	139	102	180	2255	1472
1	5	47	139	102	180	2255	1473
1	5	47	139	102	180	2255	1474
1	5	47	139	102	180	2255	1475
1	5	47	139	102	180	2255	1476
1	5	47	139	102	180	2255	1477
1	5	47	139	102	180	2255	1478
1	5	47	139	102	180	2255	1479
1	5	47	139	102	180	2255	1480
1	5	47	139	102	180	2255	1481
1	5	47	139	103	180	2296	1482
1	5	47	139	103	180	2296	1483
1	5	47	139	103	180	2296	1484
1	5	48	137	103	178	2255	1485
1	5	48	137	103	178	2255	1486
1	5	48	137	103	178	2255	1487
1	5	49	135	103	177	2268	1488
1	5	49	135	103	177	2268	1489
1	5	49	134	103	177	2322	1490
1	5	49	134	103	177	2322	1491
1	5	49	134	103	177	2322	1492
1	5	49	134	103	177	2322	1493
1	5	49	134	103	177	2322	1494
1	5	49	134	103	177	2322	1495
1	5	49	134	103	177	2322	1496
1	5	49	134	103	177	2322	1497
1	5	49	134	103	177	2322	1498
1	5	49	134	103	177	2322	1499
1	5	49	134	103	177	2322	1500
1	5	49	134	103	177	2322	1501
1	5	49	134	103	177	2322	1502
1	5	49	134	103	177	2322	1503
1	5	49	134	103	177	2322	1504
1	5	49	134	103	177	2322	1505
1	5	49	134	103	177	2322	1506
1	5	49	134	103	177	2322	1507
1	5	49	134	103	177	2322	1508
1	5	49	134	103	177	2322	1509
1	5	49	134	103	177	2322	1510
1	5	46	145	102	182	2072	1511
1	5	46	145	102	182	2072	1512
1	5	46	147	101	184	2035	1513
1	5	45	147	101	182	1960	1514
1	5	45	148	100	185	2035	1515
1	5	45	148	100	185	2035	1516
1	5	44	150	100	187	2072	1517
1	5	45	150	100	190	2200	1518
1	5	45	150	100	190	2200	1519
1	5	45	150	100	190	2200	1520
1	5	43	153	100	192	2223	1521
1	5	43	154	100	191	2109	1522
1	5	43	154	100	191	2109	1523
1	5	43	156	100	192	2052	1524
1	5	43	157	100	192	1995	1525
1	5	42	157	100	192	2030	1526
1	5	41	158	100	192	2006	1527
1	5	41	158	100	192	2006	1528
1	5	41	158	100	192	2006	1529
1	5	41	158	100	192	2006	1530
1	5	41	158	100	192	2006	1531
1	5	41	158	100	192	2006	1532
1	5	41	158	100	192	2006	1533
1	5	41	158	100	192	2006	1534
1	5	41	158	100	192	2006	1535
1	5	41	158	100	192	2006	1536
1	5	41	158	100	192	2006	1537
1	5	41	158	100	192	2006	1538
1	5	41	158	100	192	2006	1539
1	5	41	158	100	192	2006	1540
1	5	41	158	100	192	2006	1541
1	5	41	158	100	192	2006	1542
1	5	41	158	100	192	2006	1543
1	5	41	158	100	192	2006	1544
1	5	41	158	100	192	2006	1545
1	5	41	158	100	192	2006	1546
1	5	41	158	100	192	2006	1547
1	5	41	158	100	192	2006	1548
1	5	41	158	100	192	2006	1549
1	5	41	158	100	192	2006	1550
1	5	41	158	100	192	2006	1551
1	5	41	158	100	192	2006	1552
1	5	41	158	100	192	2006	1553
1	5	41	158	100	192	2006	1554
1	5	41	158	100	192	2006	1555
1	5	41	158	100	192	2006	1556
1	5	41	158	100	192	2006	1557
1	5	41	158	100	192	2006	1558
1	5	41	158	100	192	2006	1559
1	5	41	158	100	192	2006	1560
1	5	41	158	100	192	2006	1561
1	5	41	158	100	192	2006	1562
1	5	41	158	100	192	2006	1563
1	5	40	255	88	288	1584	1564
1	5	40	256	88	287	1488	1565
1	5	40	256	87	285	1363	1566
1	5	40	255	87	284	1363	1567
1	5	40	253	87	283	1410	1568
1	5	40	251	99	281	1770	1569
1	5	40	250	86	279	1334	1570
1	5	40	248	86	278	1380	1571
1	5	40	246	86	276	1380	1572
1	5	40	245	86	274	1334	1573
1	5	40	243	86	272	1334	1574
1	5	40	241	86	269	1288	1575
1	5	40	238	85	266	1260	1576
1	5	40	235	85	263	1260	1577
1	5	40	233	86	261	1288	1578
1	5	40	230	86	258	1288	1579
1	5	40	229	86	255	1196	1580
1	5	40	159	96	253	5264	1581
1	5	40	159	96	251	5152	1582
1	5	40	159	97	249	5130	1583
1	5	40	159	96	246	4872	1584
1	5	40	159	96	244	4760	1585
1	5	40	159	96	240	4536	1586
1	5	40	159	96	233	4144	1587
1	5	40	159	96	228	3864	1588
1	5	40	159	96	225	3696	1589
1	5	40	159	96	221	3472	1590
1	5	40	159	96	219	3360	1591
1	5	40	159	97	217	3306	1592
1	5	40	159	96	215	3136	1593
1	5	40	159	96	214	3080	1594
1	5	40	159	95	211	2860	1595
1	5	40	159	95	210	2805	1596
1	5	40	159	113	220	4453	1597
1	5	40	159	113	218	4307	1598
1	5	40	159	113	214	4015	1599
1	5	40	158	113	210	3796	1600
1	5	40	155	113	205	3650	1601
1	5	40	152	115	204	3900	1602
1	5	40	150	116	203	4028	1603
1	5	41	147	116	203	4200	1604
1	5	41	144	116	202	4350	1605
1	5	41	142	116	201	4425	1606
1	5	41	139	116	200	4575	1607
1	5	40	136	116	199	4788	1608
1	5	40	133	116	199	5016	1609
1	5	40	130	115	199	5175	1610
1	5	41	128	107	199	4686	1611
1	5	40	125	102	201	4712	1612
1	5	40	123	103	199	4788	1613
1	5	40	120	104	199	5056	1614
1	5	40	120	104	199	5056	1615
1	5	40	116	105	199	5395	1616
1	5	40	114	106	199	5610	1617
1	5	40	111	106	199	5808	1618
1	5	40	109	107	199	6030	1619
1	5	40	106	108	199	6324	1620
1	5	40	104	108	200	6528	1621
1	5	40	102	108	199	6596	1622
1	5	63	101	109	138	1702	1623
1	5	63	99	109	136	1702	1624
1	5	64	98	109	132	1530	1625
1	5	65	97	110	132	1575	1626
1	5	40	95	125	199	8840	1627
1	5	67	94	125	136	2436	1628
1	5	68	92	125	135	2451	1629
1	5	69	91	125	134	2408	1630
1	5	70	90	125	130	2200	1631
1	5	70	89	113	125	1548	1632
1	5	71	88	126	124	1980	1633
1	5	71	87	126	134	2585	1634
1	5	71	86	116	124	1710	1635
1	5	72	85	117	123	1710	1636
1	5	72	85	117	123	1710	1637
1	5	73	83	118	123	1800	1638
1	5	73	82	118	123	1845	1639
1	5	74	81	119	121	1800	1640
1	5	75	80	119	121	1804	1641
1	5	76	80	130	120	2160	1642
1	5	76	79	129	120	2173	1643
1	5	41	160	96	199	2145	1644
1	5	77	77	130	118	2173	1645
1	5	41	160	95	199	2106	1646
1	5	41	160	95	199	2106	1647
1	5	41	160	95	199	2106	1648
1	5	41	160	95	199	2106	1649
1	5	41	160	95	199	2106	1650
1	5	41	160	95	199	2106	1651
1	5	41	160	95	199	2106	1652
1	5	41	161	95	199	2052	1653
1	5	41	161	95	199	2052	1654
1	5	41	161	95	199	2052	1655
1	5	41	161	95	199	2052	1656
1	5	41	161	95	199	2052	1657
1	5	41	161	95	199	2052	1658
1	5	41	161	95	199	2052	1659
1	5	41	162	95	200	2052	1660
1	5	40	162	95	199	2035	1661
1	5	40	163	95	199	1980	1662
1	5	40	163	95	199	1980	1663
1	5	40	163	95	199	1980	1664
1	5	40	164	95	200	1980	1665
1	5	40	164	95	200	1980	1666
1	5	40	165	95	200	1925	1667
1	5	40	165	95	200	1925	1668
1	5	40	165	95	200	1925	1669
1	5	40	165	95	203	2090	1670
1	5	40	166	95	203	2035	1671
1	5	40	167	95	205	2090	1672
1	5	40	167	95	205	2090	1673
1	5	40	167	95	205	2090	1674
1	5	40	167	95	205	2090	1675
1	5	40	169	95	205	1980	1676
1	5	40	169	95	205	1980	1677
1	5	40	169	95	205	1980	1678
1	5	40	169	95	206	2035	1679
1	5	40	169	95	206	2035	1680
1	5	40	169	95	206	2035	1681
1	5	40	169	95	206	2035	1682
1	5	40	169	95	206	2035	1683
1	5	40	169	95	206	2035	1684
1	5	40	169	95	205	1980	1685
1	5	40	169	95	205	1980	1686
1	5	40	169	95	205	1980	1687
1	5	40	169	95	205	1980	1688
1	5	40	169	95	205	1980	1689
1	5	40	169	95	205	1980	1690
1	5	40	169	95	205	1980	1691
1	5	40	169	95	205	1980	1692
1	5	40	169	95	205	1980	1693
1	5	40	169	95	205	1980	1694
1	5	40	169	95	204	1925	1695
1	5	40	169	95	205	1980	1696
1	5	40	169	95	205	1980	1697
1	5	40	169	95	205	1980	1698
1	5	40	169	95	205	1980	1699
1	5	40	169	95	205	1980	1700
1	5	40	169	95	205	1980	1701
1	5	40	169	95	205	1980	1702
1	5	40	169	95	205	1980	1703
1	5	40	169	95	205	1980	1704
1	5	40	169	95	205	1980	1705
1	5	40	169	95	204	1925	1706
1	5	40	169	95	204	1925	1707
1	5	40	169	95	204	1925	1708
1	5	40	169	95	204	1925	1709
1	5	40	169	95	204	1925	1710
1	5	40	169	95	204	1925	1711
1	5	40	169	95	204	1925	1712
1	5	40	169	95	204	1925	1713
1	5	40	169	95	204	1925	1714
1	5	40	169	95	204	1925	1715
1	5	40	169	95	204	1925	1716
1	5	40	169	95	204	1925	1717
1	5	40	169	95	204	1925	1718
1	5	40	169	95	204	1925	1719
1	5	40	169	95	204	1925	1720
1	5	40	169	95	204	1925	1721
1	5	40	169	95	204	1925	1722
1	5	40	169	95	204	1925	1723
1	5	40	169	95	204	1925	1724
1	5	40	169	95	204	1925	1725
1	5	40	169	95	204	1925	1726
1	5	40	169	95	204	1925	1727
1	5	40	169	95	205	1980	1728
1	5	40	169	95	204	1925	1729
1	5	40	169	95	204	1925	1730
1	5	40	169	95	204	1925	1731
1	5	40	169	95	205	1980	1732
1	5	40	169	95	205	1980	1733
1	5	40	169	95	205	1980	1734
1	5	40	169	95	205	1980	1735
1	5	40	169	95	205	1980	1736
1	5	40	169	95	205	1980	1737
1	5	40	169	95	205	1980	1738
1	5	40	169	95	205	1980	1739
1	5	40	169	95	205	1980	1740
1	5	40	168	95	202	1870	1741
1	5	40	168	95	205	2035	1742
1	5	40	168	95	205	2035	1743
1	5	40	168	95	205	2035	1744
1	5	40	168	95	205	2035	1745
1	5	40	168	95	205	2035	1746
1	5	40	168	95	205	2035	1747
1	5	40	168	95	205	2035	1748
1	5	40	168	95	205	2035	1749
1	5	40	167	95	204	2035	1750
1	5	40	168	95	205	2035	1751
1	5	40	168	95	205	2035	1752
1	5	40	168	95	205	2035	1753
1	5	40	168	95	205	2035	1754
1	5	40	168	95	205	2035	1755
1	5	40	168	95	205	2035	1756
1	5	40	168	95	205	2035	1757
1	5	40	168	95	205	2035	1758
1	5	40	168	95	205	2035	1759
1	5	40	168	95	205	2035	1760
1	5	40	168	95	205	2035	1761
1	5	40	168	95	205	2035	1762
1	5	40	168	95	205	2035	1763
1	5	40	168	95	205	2035	1764
1	5	40	168	95	205	2035	1765
1	5	40	168	95	205	2035	1766
1	5	40	168	95	205	2035	1767
1	5	40	168	95	205	2035	1768
1	5	40	168	95	205	2035	1769
1	5	40	168	95	205	2035	1770
1	5	40	168	95	205	2035	1771
1	5	40	168	95	205	2035	1772
1	5	40	168	95	205	2035	1773
1	5	40	168	95	205	2035	1774
1	5	40	168	95	205	2035	1775
1	5	40	168	95	205	2035	1776
1	5	40	168	95	205	2035	1777
1	5	40	168	95	205	2035	1778
1	5	40	168	95	205	2035	1779
1	5	40	168	95	205	2035	1780
1	5	40	168	95	205	2035	1781
1	5	40	168	95	205	2035	1782
1	5	40	168	95	205	2035	1783
1	5	40	168	95	205	2035	1784
1	5	40	168	95	205	2035	1785
1	5	40	168	95	205	2035	1786
1	5	40	168	95	205	2035	1787
1	5	40	168	95	205	2035	1788
1	5	40	168	95	205	2035	1789
1	5	40	168	95	205	2035	1790
1	5	40	168	95	205	2035	1791
1	5	40	170	95	205	1925	1792
1	5	40	169	95	205	1980	1793
1	5	40	169	95	205	1980	1794
1	5	40	169	95	205	1980	1795
1	5	40	169	95	205	1980	1796
1	5	40	169	95	205	1980	1797
1	5	40	169	95	205	1980	1798
1	5	40	169	95	205	1980	1799
1	5	40	169	95	205	1980	1800
1	5	40	169	95	205	1980	1801
1	5	40	169	95	205	1980	1802
1	5	40	169	95	205	1980	1803
1	5	40	169	95	205	1980	1804
1	5	40	169	95	205	1980	1805
1	5	40	169	95	205	1980	1806
1	5	40	169	95	205	1980	1807
1	5	40	169	95	201	1760	1808
1	5	40	169	95	201	1760	1809
1	5	40	169	95	201	1760	1810
1	5	40	169	95	201	1760	1811
1	5	40	169	95	201	1760	1812
1	5	40	169	95	201	1760	1813
1	5	40	169	95	201	1760	1814
1	5	40	169	95	201	1760	1815
1	5	40	169	95	201	1760	1816
1	5	40	169	95	201	1760	1817
1	5	40	169	95	201	1760	1818
1	5	40	169	95	201	1760	1819
1	5	40	169	95	201	1760	1820
1	5	40	169	95	201	1760	1821
1	5	40	169	95	203	1870	1822
1	5	40	169	95	203	1870	1823
1	5	40	169	95	203	1870	1824
1	5	40	169	95	203	1870	1825
1	5	40	169	95	203	1870	1826
1	5	40	169	95	203	1870	1827
1	5	40	169	95	203	1870	1828
1	5	40	169	95	203	1870	1829
1	5	40	170	95	202	1760	1830
1	5	40	170	95	202	1760	1831
1	5	40	170	95	202	1760	1832
1	5	40	170	95	202	1760	1833
1	5	40	170	96	203	1848	1834
1	5	40	170	96	202	1792	1835
1	5	40	170	96	203	1848	1836
1	5	40	170	96	203	1848	1837
1	5	40	170	96	203	1848	1838
1	5	40	170	96	201	1736	1839
1	5	40	170	96	203	1848	1840
1	5	40	170	96	203	1848	1841
1	5	40	170	96	203	1848	1842
1	5	40	171	96	203	1792	1843
1	5	40	171	96	203	1792	1844
1	5	40	171	96	201	1680	1845
1	5	40	171	96	201	1680	1846
1	5	40	171	96	203	1792	1847
1	5	40	171	96	203	1792	1848
1	5	40	171	96	203	1792	1849
1	5	40	171	96	203	1792	1850
1	5	40	171	96	203	1792	1851
1	5	40	171	96	203	1792	1852
1	5	40	171	96	203	1792	1853
1	5	40	171	96	203	1792	1854
1	5	40	171	96	203	1792	1855
1	5	40	171	96	203	1792	1856
1	5	40	171	96	203	1792	1857
1	5	40	171	96	203	1792	1858
1	5	40	171	96	203	1792	1859
1	5	40	171	96	203	1792	1860
1	5	40	171	96	203	1792	1861
1	5	40	171	96	203	1792	1862
1	5	40	171	96	203	1792	1863
1	5	40	171	96	203	1792	1864
1	5	40	170	95	202	1760	1865
1	5	40	170	95	202	1760	1866
1	5	40	170	95	202	1760	1867
1	5	40	170	95	202	1760	1868
1	5	40	170	95	202	1760	1869
1	5	40	170	95	202	1760	1870
1	5	40	170	95	202	1760	1871
1	5	40	170	95	202	1760	1872
1	5	40	170	95	202	1760	1873
1	5	40	170	95	202	1760	1874
1	5	40	170	95	202	1760	1875
1	5	40	170	95	202	1760	1876
1	5	40	170	95	202	1760	1877
1	5	40	170	95	202	1760	1878
1	5	40	170	95	202	1760	1879
1	5	40	170	95	202	1760	1880
1	5	40	170	95	202	1760	1881
1	5	40	170	95	202	1760	1882
1	5	40	170	95	202	1760	1883
1	5	40	170	95	202	1760	1884
1	5	40	170	95	202	1760	1885
1	5	40	170	95	202	1760	1886
1	5	40	170	95	202	1760	1887
1	5	40	170	95	202	1760	1888
1	5	40	170	95	202	1760	1889
1	5	40	170	95	202	1760	1890
1	5	81	74	128	114	1880	1891
1	5	40	170	93	201	1643	1892
1	5	79	75	120	114	1599	1893
1	5	79	75	119	115	1600	1894
1	5	79	76	120	115	1599	1895
1	5	78	76	119	116	1640	1896
1	5	77	77	119	117	1680	1897
1	5	77	77	119	118	1722	1898
1	5	77	78	119	117	1638	1899
1	5	77	78	119	117	1638	1900
1	5	77	78	119	117	1638	1901
1	5	77	78	119	117	1638	1902
1	5	77	78	118	117	1599	1903
1	5	77	78	118	117	1599	1904
1	5	76	78	118	117	1638	1905
1	5	77	78	128	121	2193	1906
1	5	40	172	92	200	1456	1907
1	5	40	170	92	199	1508	1908
1	5	77	78	117	117	1560	1909
1	5	77	78	117	117	1560	1910
1	5	40	170	92	200	1560	1911
1	5	40	170	92	200	1560	1912
1	5	40	172	93	200	1484	1913
1	5	40	169	93	200	1643	1914
1	5	40	169	93	200	1643	1915
1	5	40	172	91	200	1428	1916
1	5	40	170	91	200	1530	1917
1	5	40	171	91	200	1479	1918
1	5	40	171	91	200	1479	1919
1	5	40	171	91	200	1479	1920
1	5	40	171	91	200	1479	1921
1	5	40	171	91	200	1479	1922
1	5	40	171	91	200	1479	1923
1	5	40	171	91	200	1479	1924
1	5	40	171	91	200	1479	1925
1	5	40	171	91	200	1479	1926
1	5	40	171	91	200	1479	1927
1	5	40	171	91	200	1479	1928
1	5	40	171	91	200	1479	1929
1	5	40	171	91	200	1479	1930
1	5	40	171	91	200	1479	1931
1	5	40	171	91	200	1479	1932
1	5	40	171	91	200	1479	1933
1	5	78	79	128	123	2200	1934
1	5	78	79	128	123	2200	1935
1	5	78	79	128	122	2150	1936
1	5	78	79	129	122	2193	1937
1	5	40	171	96	199	1568	1938
1	5	40	171	96	199	1568	1939
1	5	40	170	96	199	1624	1940
1	5	40	168	96	199	1736	1941
1	5	40	168	96	199	1736	1942
1	5	79	77	118	117	1560	1943
1	5	40	164	96	198	1904	1944
1	5	40	162	96	198	2016	1945
1	5	40	162	96	198	2016	1946
1	5	40	161	96	197	2016	1947
1	5	40	160	96	198	2128	1948
1	5	40	160	96	198	2128	1949
1	5	41	158	96	197	2145	1950
1	5	41	158	96	196	2090	1951
1	5	42	157	96	196	2106	1952
1	5	42	157	96	196	2106	1953
1	5	42	156	96	196	2160	1954
1	5	42	156	96	196	2160	1955
1	5	42	156	96	196	2160	1956
1	5	42	156	96	196	2160	1957
1	5	42	156	96	196	2160	1958
1	5	43	155	96	196	2173	1959
1	5	43	155	97	196	2214	1960
1	5	43	154	96	197	2279	1961
1	5	43	154	97	196	2268	1962
1	5	43	154	97	196	2268	1963
1	5	43	154	97	196	2268	1964
1	5	43	154	97	196	2268	1965
1	5	43	154	97	196	2268	1966
1	5	43	154	97	196	2268	1967
1	5	44	154	96	196	2184	1968
1	5	44	154	96	196	2184	1969
1	5	44	154	96	196	2184	1970
1	5	44	154	96	196	2184	1971
1	5	44	154	96	196	2184	1972
1	5	44	154	96	196	2184	1973
1	5	44	154	96	196	2184	1974
1	5	43	155	96	196	2173	1975
1	5	44	155	96	196	2132	1976
1	5	44	155	96	196	2132	1977
1	5	44	155	96	196	2132	1978
1	5	44	155	96	196	2132	1979
1	5	44	155	96	196	2132	1980
1	5	44	155	96	196	2132	1981
1	5	44	155	96	196	2132	1982
1	5	44	155	96	196	2132	1983
1	5	44	155	96	196	2132	1984
1	5	44	155	96	196	2132	1985
1	5	44	155	96	196	2132	1986
1	5	44	154	96	195	2132	1987
1	5	43	154	96	196	2226	1988
1	5	43	154	96	196	2226	1989
1	5	43	154	96	196	2226	1990
1	5	43	154	96	196	2226	1991
1	5	43	154	96	196	2226	1992
1	5	43	154	96	196	2226	1993
1	5	43	154	96	196	2226	1994
1	5	43	154	96	196	2226	1995
1	5	43	154	96	196	2226	1996
1	5	43	154	96	196	2226	1997
1	5	43	154	96	196	2226	1998
1	5	43	154	96	195	2173	1999
1	5	43	154	96	196	2226	2000
1	5	43	154	96	196	2226	2001
1	5	43	154	96	196	2226	2002
1	5	43	154	96	196	2226	2003
1	5	43	154	96	196	2226	2004
1	5	43	154	96	196	2226	2005
1	5	43	154	96	196	2226	2006
1	5	43	154	96	196	2226	2007
1	5	43	154	96	196	2226	2008
1	5	43	154	96	196	2226	2009
1	5	43	154	96	196	2226	2010
1	5	42	154	96	196	2268	2011
1	5	42	154	96	196	2268	2012
1	5	42	155	96	195	2160	2013
1	5	43	155	96	196	2173	2014
1	5	43	155	96	196	2173	2015
1	5	42	157	96	197	2160	2016
1	5	42	157	96	197	2160	2017
1	5	42	158	96	195	1998	2018
1	5	41	159	96	197	2090	2019
1	5	41	161	96	197	1980	2020
1	5	40	162	96	197	1960	2021
1	5	41	163	97	198	1960	2022
1	5	41	163	98	197	1938	2023
1	5	41	163	100	197	2006	2024
1	5	41	161	100	197	2124	2025
1	5	43	159	101	197	2204	2026
1	5	43	157	102	196	2301	2027
1	5	44	155	101	196	2337	2028
1	5	45	153	102	195	2394	2029
1	5	46	150	102	196	2576	2030
1	5	47	148	102	195	2585	2031
1	5	47	145	102	191	2530	2032
1	5	50	141	103	180	2067	2033
1	5	51	138	105	179	2214	2034
1	5	53	136	108	178	2310	2035
1	5	54	133	111	177	2508	2036
1	5	55	130	112	176	2622	2037
1	5	57	127	112	176	2695	2038
1	5	58	124	113	174	2750	2039
1	5	59	121	113	171	2700	2040
1	5	61	118	114	165	2491	2041
1	5	63	114	116	160	2438	2042
1	5	64	111	117	154	2279	2043
1	5	66	108	123	153	2565	2044
1	5	68	106	128	154	2880	2045
1	5	71	103	128	152	2793	2046
1	5	73	101	129	152	2856	2047
1	5	74	97	129	134	2035	2048
1	5	77	94	131	133	2106	2049
1	5	78	91	131	133	2226	2050
1	5	80	88	131	137	2499	2051
1	5	84	83	136	131	2496	2052
1	5	87	81	141	130	2646	2053
1	5	89	78	143	131	2862	2054
1	5	92	76	145	131	2915	2055
1	5	94	73	144	113	2000	2056
1	5	95	71	145	111	2000	2057
1	5	97	68	144	111	2021	2058
1	5	100	66	144	115	2156	2059
1	5	102	63	147	110	2115	2060
1	5	104	61	153	110	2401	2061
1	5	107	60	156	98	1862	2062
1	5	107	60	156	98	1862	2063
1	5	107	60	156	98	1862	2064
1	5	107	60	156	98	1862	2065
1	5	107	60	156	98	1862	2066
1	5	107	60	156	98	1862	2067
1	5	107	60	156	98	1862	2068
1	5	107	60	156	98	1862	2069
1	5	107	60	156	98	1862	2070
1	5	107	60	156	98	1862	2071
1	5	107	60	156	98	1862	2072
1	5	107	60	156	98	1862	2073
1	5	107	60	156	98	1862	2074
1	5	107	60	156	98	1862	2075
1	5	107	60	156	98	1862	2076
1	5	107	60	156	98	1862	2077
1	5	107	60	156	98	1862	2078
1	5	107	60	156	98	1862	2079
1	5	107	60	156	98	1862	2080
1	5	107	60	156	98	1862	2081
1	5	107	60	156	98	1862	2082
1	5	107	60	156	98	1862	2083
1	5	107	60	156	98	1862	2084
1	5	107	60	156	98	1862	2085
1	5	107	60	156	98	1862	2086
1	5	107	60	156	98	1862	2087
1	5	107	60	156	98	1862	2088
1	5	107	60	156	98	1862	2089
1	5	107	60	156	98	1862	2090
1	5	107	60	156	98	1862	2091
1	5	107	60	156	98	1862	2092
1	5	107	60	156	98	1862	2093
1	5	107	60	156	98	1862	2094
1	5	107	60	156	98	1862	2095
1	5	107	60	156	98	1862	2096
1	5	107	60	156	98	1862	2097
1	5	107	60	156	98	1862	2098
1	5	107	60	156	98	1862	2099
1	5	107	60	156	98	1862	2100
1	5	107	60	156	98	1862	2101
1	5	107	60	156	98	1862	2102
1	5	107	60	156	98	1862	2103
1	5	107	60	156	98	1862	2104
1	5	107	60	156	98	1862	2105
1	5	107	60	156	98	1862	2106
1	5	107	60	156	98	1862	2107
1	5	107	60	156	98	1862	2108
1	5	107	60	156	98	1862	2109
1	5	107	60	156	98	1862	2110
1	5	107	60	156	98	1862	2111
1	5	107	60	156	98	1862	2112
1	5	107	60	156	98	1862	2113
1	5	107	60	156	98	1862	2114
1	5	107	60	156	98	1862	2115
1	5	107	60	156	98	1862	2116
1	5	107	60	156	98	1862	2117
1	5	107	60	156	98	1862	2118
1	5	107	60	156	98	1862	2119
1	5	107	60	156	98	1862	2120
1	5	107	60	156	98	1862	2121
1	5	107	60	156	98	1862	2122
1	5	107	60	156	98	1862	2123
1	5	107	60	156	98	1862	2124
1	5	107	60	156	98	1862	2125
1	5	107	60	156	98	1862	2126
1	5	107	60	156	98	1862	2127
1	5	107	60	156	98	1862	2128
1	5	107	60	156	98	1862	2129
1	5	107	60	156	98	1862	2130
1	5	107	60	156	98	1862	2131
1	5	107	60	156	98	1862	2132
1	5	107	60	156	98	1862	2133
1	5	107	60	156	98	1862	2134
1	5	107	60	156	98	1862	2135
1	5	107	60	156	98	1862	2136
1	5	107	60	156	98	1862	2137
1	5	107	60	156	98	1862	2138
1	5	107	60	156	98	1862	2139
1	5	107	60	156	98	1862	2140
1	5	107	60	156	98	1862	2141
1	5	107	60	156	98	1862	2142
1	5	107	60	156	98	1862	2143
1	5	107	60	156	98	1862	2144
1	5	107	60	156	98	1862	2145
1	5	107	60	156	98	1862	2146
1	5	107	60	156	98	1862	2147
1	5	107	60	156	98	1862	2148
1	5	107	60	156	98	1862	2149
1	5	107	60	156	98	1862	2150
1	5	107	60	156	98	1862	2151
1	5	107	60	156	98	1862	2152
1	5	107	60	156	98	1862	2153
1	5	107	60	156	98	1862	2154
1	5	107	60	156	98	1862	2155
1	5	107	60	156	98	1862	2156
1	5	107	60	156	98	1862	2157
1	5	107	60	156	98	1862	2158
1	5	107	60	156	98	1862	2159
1	5	107	60	156	98	1862	2160
1	5	107	60	156	98	1862	2161
1	5	107	60	156	98	1862	2162
1	5	107	60	156	98	1862	2163
1	5	107	60	156	98	1862	2164
1	5	107	60	156	98	1862	2165
1	5	107	60	156	98	1862	2166
1	5	107	60	156	98	1862	2167
1	5	107	60	156	98	1862	2168
1	5	107	60	156	98	1862	2169
1	5	107	60	156	98	1862	2170
1	5	107	60	156	98	1862	2171
1	5	107	60	156	98	1862	2172
1	5	107	60	156	98	1862	2173
1	5	107	60	156	98	1862	2174
1	5	107	60	156	98	1862	2175
1	5	107	60	156	98	1862	2176
1	5	107	60	156	98	1862	2177
1	5	193	60	232	118	2262	2178
1	6	193	60	235	116	2352	2179
1	6	194	60	235	122	2542	2180
1	6	194	60	235	107	1927	2181
1	6	193	60	242	111	2499	2182
1	6	193	60	243	124	3200	2183
1	6	192	60	243	124	3264	2184
1	6	192	60	246	124	3456	2185
1	6	192	60	247	124	3520	2186
1	6	193	60	251	129	4002	2187
1	6	190	60	251	126	4026	2188
1	6	189	60	253	127	4288	2189
1	6	189	60	256	129	4623	2190
1	6	181	60	259	131	5538	2191
1	6	182	60	266	133	6132	2192
1	6	182	60	270	154	8272	2193
1	6	183	60	273	168	9720	2194
1	6	183	60	277	151	8554	2195
1	6	188	60	282	162	9588	2196
1	6	182	60	284	170	11220	2197
1	6	182	60	286	178	12272	2198
1	6	183	60	287	197	14248	2199
1	6	183	60	290	197	14659	2200
1	6	183	60	293	197	15070	2201
1	6	182	60	300	213	18054	2202
1	6	182	60	304	211	18422	2203
1	6	181	60	308	218	20066	2204
2	6	239	127	314	224	7275	2205
2	7	182	60	233	135	3825	2205
2	6	244	140	320	238	7448	2206
2	7	182	60	236	136	4104	2206
2	6	249	154	328	238	6636	2207
2	7	182	60	240	141	4698	2207
2	6	252	168	336	238	5880	2208
2	7	183	60	241	145	4930	2208
2	6	255	181	343	248	5896	2209
2	7	185	60	240	148	4840	2209
2	6	258	190	349	258	6188	2210
2	7	185	60	239	148	4752	2210
2	6	262	201	354	274	6716	2211
2	7	186	60	240	148	4752	2211
2	6	265	211	358	288	7161	2212
2	7	186	60	240	149	4806	2212
2	6	270	221	360	303	7380	2213
2	7	186	60	240	150	4860	2213
2	6	272	222	363	316	8554	2214
2	7	186	60	242	153	5208	2214
2	6	275	226	366	329	9373	2215
2	7	187	60	242	168	5940	2215
2	6	277	225	369	342	10764	2216
2	7	187	63	243	179	6496	2216
2	6	282	233	373	352	10829	2217
2	7	187	67	244	184	6669	2217
2	6	287	270	376	362	8188	2218
2	7	186	72	244	184	6496	2218
2	6	291	277	379	370	8184	2219
2	7	185	75	247	184	6758	2219
2	6	295	284	380	376	7820	2220
2	7	184	79	249	186	6955	2220
2	6	297	290	380	382	7636	2221
2	7	183	82	251	185	7004	2221
2	6	299	294	380	387	7533	2222
2	7	182	86	249	187	6767	2222
2	6	302	298	380	392	7332	2223
2	7	181	90	249	190	6800	2223
2	6	305	304	381	398	7144	2224
2	7	182	96	253	204	7668	2224
2	6	307	311	382	404	6975	2225
2	7	183	102	256	216	8322	2225
2	6	308	321	382	409	6512	2226
2	7	185	109	256	219	7810	2226
2	6	310	327	382	410	5976	2227
2	7	187	115	256	221	7314	2227
2	6	311	332	381	410	5460	2228
2	7	189	121	256	221	6700	2228
2	6	312	336	381	410	5106	2229
2	7	190	127	260	221	6580	2229
2	6	313	340	380	410	4690	2230
2	7	193	135	262	221	5934	2230
2	6	313	345	378	410	4225	2231
2	7	195	143	263	222	5372	2231
2	6	315	356	374	410	3186	2232
2	7	198	162	268	243	5670	2232
2	6	315	360	373	410	2900	2233
2	7	201	171	271	257	6020	2233
2	6	314	366	373	410	2596	2234
2	7	203	181	274	262	5751	2234
2	6	314	370	372	410	2320	2235
2	7	204	191	275	263	5112	2235
2	6	315	372	372	410	2166	2236
2	7	206	200	278	263	4536	2236
2	6	315	372	370	410	2090	2237
2	7	208	205	280	268	4536	2237
3	6	315	372	370	410	2090	2238
3	7	210	215	283	281	4818	2238
3	8	315	373	369	410	1998	2238
3	6	315	374	367	410	1872	2239
3	7	212	226	284	293	4824	2239
3	8	315	373	369	410	1998	2239
2	6	315	380	364	410	1470	2240
2	7	218	239	288	314	5250	2240
2	6	319	383	362	410	1161	2241
2	7	222	239	291	324	5865	2241
2	6	319	383	362	410	1161	2242
2	7	227	240	294	333	6231	2242
2	6	319	383	362	410	1161	2243
2	7	231	241	297	341	6600	2243
2	6	311	367	353	410	1806	2244
2	7	236	242	300	351	6976	2244
2	6	311	367	353	410	1806	2245
2	7	239	249	303	360	7104	2245
2	6	241	261	304	368	6741	2246
2	7	239	249	303	360	7104	2246
2	6	242	271	306	376	6720	2247
2	7	239	249	303	360	7104	2247
2	6	242	280	308	383	6798	2248
2	7	239	249	303	360	7104	2248
2	6	243	280	309	388	7128	2249
2	7	239	249	303	360	7104	2249
2	6	246	280	310	392	7168	2250
2	7	239	249	303	360	7104	2250
2	6	247	280	310	396	7308	2251
2	7	239	249	303	360	7104	2251
2	6	249	282	310	401	7259	2252
2	7	239	249	303	360	7104	2252
2	6	250	286	311	407	7381	2253
2	7	239	249	303	360	7104	2253
2	6	253	293	312	410	6903	2254
2	7	239	249	303	360	7104	2254
2	6	255	304	312	410	6042	2255
2	7	239	249	303	360	7104	2255
2	6	257	313	335	410	7566	2256
2	7	239	249	303	360	7104	2256
2	6	260	319	334	410	6734	2257
2	7	239	249	303	360	7104	2257
2	6	261	320	314	410	4770	2258
2	7	239	249	303	360	7104	2258
2	6	262	320	328	410	5940	2259
2	7	239	249	303	360	7104	2259
2	6	263	320	326	410	5670	2260
2	7	239	249	303	360	7104	2260
2	6	265	321	326	410	5429	2261
2	7	239	249	303	360	7104	2261
2	6	265	321	326	410	5429	2262
2	7	267	323	325	410	5046	2262
2	6	266	340	326	410	4200	2263
2	7	267	323	325	410	5046	2263
2	6	266	343	327	410	4087	2264
2	7	267	323	325	410	5046	2264
2	6	266	347	326	410	3780	2265
2	7	267	323	325	410	5046	2265
2	6	267	349	325	410	3538	2266
2	7	267	323	325	410	5046	2266
2	6	267	349	325	410	3538	2267
2	7	267	349	324	410	3477	2267
2	6	269	349	322	410	3233	2268
2	7	267	349	324	410	3477	2268
2	6	268	351	319	410	3009	2269
2	7	267	349	324	410	3477	2269
2	6	268	354	319	410	2856	2270
2	7	267	349	324	410	3477	2270
2	6	272	360	319	410	2350	2271
2	7	267	349	324	410	3477	2271
2	6	271	366	320	410	2156	2272
2	7	267	349	324	410	3477	2272
2	6	274	370	320	410	1840	2273
2	7	267	349	324	410	3477	2273
1	6	275	372	319	410	1672	2274
1	6	275	373	319	410	1628	2275
2	6	275	373	319	410	1628	2276
2	9	275	374	320	410	1620	2276
3	6	275	373	319	410	1628	2277
3	9	275	374	320	410	1620	2277
3	10	276	374	320	410	1584	2277
2	6	275	373	319	410	1628	2278
2	10	276	374	320	410	1584	2278
1	6	275	373	319	410	1628	2279
1	6	275	373	319	410	1628	2280
1	6	275	373	319	410	1628	2281
0	0	0	0	0	0	0	2282
0	0	0	0	0	0	0	2283
0	0	0	0	0	0	0	2284
0	0	0	0	0	0	0	2285
0	0	0	0	0	0	0	2286
0	0	0	0	0	0	0	2287
0	0	0	0	0	0	0	2288
0	0	0	0	0	0	0	2289
0	0	0	0	0	0	0	2290
0	0	0	0	0	0	0	2291
0	0	0	0	0	0	0	2292
0	0	0	0	0	0	0	2293
0	0	0	0	0	0	0	2294
0	0	0	0	0	0	0	2295
0	0	0	0	0	0	0	2296
0	0	0	0	0	0	0	2297
0	0	0	0	0	0	0	2298
0	0	0	0	0	0	0	2299
0	0	0	0	0	0	0	2300
0	0	0	0	0	0	0	2301
0	0	0	0	0	0	0	2302
0	0	0	0	0	0	0	2303
0	0	0	0	0	0	0	2304
0	0	0	0	0	0	0	2305
0	0	0	0	0	0	0	2306
0	0	0	0	0	0	0	2307
0	0	0	0	0	0	0	2308
0	0	0	0	0	0	0	2309
0	0	0	0	0	0	0	2310
0	0	0	0	0	0	0	2311
0	0	0	0	0	0	0	2312
0	0	0	0	0	0	0	2313
0	0	0	0	0	0	0	2314
0	0	0	0	0	0	0	2315
0	0	0	0	0	0	0	2316
0	0	0	0	0	0	0	2317
0	0	0	0	0	0	0	2318
0	0	0	0	0	0	0	2319
0	0	0	0	0	0	0	2320
0	0	0	0	0	0	0	2321
0	0	0	0	0	0	0	2322
0	0	0	0	0	0	0	2323
0	0	0	0	0	0	0	2324
0	0	0	0	0	0	0	2325
0	0	0	0	0	0	0	2326
0	0	0	0	0	0	0	2327
0	0	0	0	0	0	0	2328
0	0	0	0	0	0	0	2329
0	0	0	0	0	0	0	2330
0	0	0	0	0	0	0	2331
0	0	0	0	0	0	0	2332
0	0	0	0	0	0	0	2333
0	0	0	0	0	0	0	2334
0	0	0	0	0	0	0	2335
0	0	0	0	0	0	0	2336
0	0	0	0	0	0	0	2337
0	0	0	0	0	0	0	2338
0	0	0	0	0	0	0	2339
0	0	0	0	0	0	0	2340
0	0	0	0	0	0	0	2341
0	0	0	0	0	0	0	2342
0	0	0	0	0	0	0	2343
0	0	0	0	0	0	0	2344
0	0	0	0	0	0	0	2345
0	0	0	0	0	0	0	2346
0	0	0	0	0	0	0	2347
0	0	0	0	0	0	0	2348
0	0	0	0	0	0	0	2349
0	0	0	0	0	0	0	2350
0	0	0	0	0	0	0	2351
0	0	0	0	0	0	0	2352
0	0	0	0	0	0	0	2353
0	0	0	0	0	0	0	2354
0	0	0	0	0	0	0	2355
0	0	0	0	0	0	0	2356
0	0	0	0	0	0	0	2357
0	0	0	0	0	0	0	2358
0	0	0	0	0	0	0	2359
0	0	0	0	0	0	0	2360
0	0	0	0	0	0	0	2361
0	0	0	0	0	0	0	2362
0	0	0	0	0	0	0	2363
0	0	0	0	0	0	0	2364
0	0	0	0	0	0	0	2365
0	0	0	0	0	0	0	2366
0	0	0	0	0	0	0	2367
0	0	0	0	0	0	0	2368
0	0	0	0	0	0	0	2369
0	0	0	0	0	0	0	2370
0	0	0	0	0	0	0	2371
0	0	0	0	0	0	0	2372
0	0	0	0	0	0	0	2373
0	0	0	0	0	0	0	2374
0	0	0	0	0	0	0	2375
0	0	0	0	0	0	0	2376
0	0	0	0	0	0	0	2377
0	0	0	0	0	0	0	2378
0	0	0	0	0	0	0	2379
0	0	0	0	0	0	0	2380
0	0	0	0	0	0	0	2381
0	0	0	0	0	0	0	2382
0	0	0	0	0	0	0	2383
0	0	0	0	0	0	0	2384
0	0	0	0	0	0	0	2385
0	0	0	0	0	0	0	2386
0	0	0	0	0	0	0	2387
0	0	0	0	0	0	0	2388
0	0	0	0	0	0	0	2389
0	0	0	0	0	0	0	2390
0	0	0	0	0	0	0	2391
0	0	0	0	0	0	0	2392
0	0	0	0	0	0	0	2393
0	0	0	0	0	0	0	2394
0	0	0	0	0	0	0	2395
0	0	0	0	0	0	0	2396
0	0	0	0	0	0	0	2397
0	0	0	0	0	0	0	2398
0	0	0	0	0	0	0	2399
0	0	0	0	0	0	0	2400
0	0	0	0	0	0	0	2401
0	0	0	0	0	0	0	2402
0	0	0	0	0	0	0	2403
0	0	0	0	0	0	0	2404
0	0	0	0	0	0	0	2405
0	0	0	0	0	0	0	2406
0	0	0	0	0	0	0	2407
0	0	0	0	0	0	0	2408
0	0	0	0	0	0	0	2409
0	0	0	0	0	0	0	2410
0	0	0	0	0	0	0	2411
0	0	0	0	0	0	0	2412
0	0	0	0	0	0	0	2413
0	0	0	0	0	0	0	2414
0	0	0	0	0	0	0	2415
0	0	0	0	0	0	0	2416
0	0	0	0	0	0	0	2417
0	0	0	0	0	0	0	2418
0	0	0	0	0	0	0	2419
0	0	0	0	0	0	0	2420
0	0	0	0	0	0	0	2421
0	0	0	0	0	0	0	2422
0	0	0	0	0	0	0	2423
0	0	0	0	0	0	0	2424
0	0	0	0	0	0	0	2425
0	0	0	0	0	0	0	2426
0	0	0	0	0	0	0	2427
0	0	0	0	0	0	0	2428
