detections	cameraID	xmin	ymin	xmax	ymax	area	frame_no
0	0	0	0	0	0	0	0
0	0	0	0	0	0	0	1
0	0	0	0	0	0	0	2
0	0	0	0	0	0	0	3
0	0	0	0	0	0	0	4
0	0	0	0	0	0	0	5
0	0	0	0	0	0	0	6
0	0	0	0	0	0	0	7
0	0	0	0	0	0	0	8
0	0	0	0	0	0	0	9
0	0	0	0	0	0	0	10
0	0	0	0	0	0	0	11
0	0	0	0	0	0	0	12
0	0	0	0	0	0	0	13
0	0	0	0	0	0	0	14
0	0	0	0	0	0	0	15
0	0	0	0	0	0	0	16
0	0	0	0	0	0	0	17
0	0	0	0	0	0	0	18
0	0	0	0	0	0	0	19
0	0	0	0	0	0	0	20
0	0	0	0	0	0	0	21
0	0	0	0	0	0	0	22
0	0	0	0	0	0	0	23
0	0	0	0	0	0	0	24
0	0	0	0	0	0	0	25
0	0	0	0	0	0	0	26
0	0	0	0	0	0	0	27
0	0	0	0	0	0	0	28
0	0	0	0	0	0	0	29
0	0	0	0	0	0	0	30
0	0	0	0	0	0	0	31
0	0	0	0	0	0	0	32
0	0	0	0	0	0	0	33
0	0	0	0	0	0	0	34
0	0	0	0	0	0	0	35
0	0	0	0	0	0	0	36
0	0	0	0	0	0	0	37
0	0	0	0	0	0	0	38
0	0	0	0	0	0	0	39
0	0	0	0	0	0	0	40
0	0	0	0	0	0	0	41
0	0	0	0	0	0	0	42
0	0	0	0	0	0	0	43
0	0	0	0	0	0	0	44
0	0	0	0	0	0	0	45
0	0	0	0	0	0	0	46
0	0	0	0	0	0	0	47
0	0	0	0	0	0	0	48
0	0	0	0	0	0	0	49
0	0	0	0	0	0	0	50
0	0	0	0	0	0	0	51
0	0	0	0	0	0	0	52
0	0	0	0	0	0	0	53
0	0	0	0	0	0	0	54
0	0	0	0	0	0	0	55
0	0	0	0	0	0	0	56
0	0	0	0	0	0	0	57
0	0	0	0	0	0	0	58
0	0	0	0	0	0	0	59
0	0	0	0	0	0	0	60
0	0	0	0	0	0	0	61
0	0	0	0	0	0	0	62
0	0	0	0	0	0	0	63
0	0	0	0	0	0	0	64
0	0	0	0	0	0	0	65
0	0	0	0	0	0	0	66
0	0	0	0	0	0	0	67
0	0	0	0	0	0	0	68
0	0	0	0	0	0	0	69
0	0	0	0	0	0	0	70
0	0	0	0	0	0	0	71
0	0	0	0	0	0	0	72
0	0	0	0	0	0	0	73
0	0	0	0	0	0	0	74
0	0	0	0	0	0	0	75
0	0	0	0	0	0	0	76
0	0	0	0	0	0	0	77
0	0	0	0	0	0	0	78
0	0	0	0	0	0	0	79
0	0	0	0	0	0	0	80
0	0	0	0	0	0	0	81
0	0	0	0	0	0	0	82
0	0	0	0	0	0	0	83
0	0	0	0	0	0	0	84
0	0	0	0	0	0	0	85
0	0	0	0	0	0	0	86
0	0	0	0	0	0	0	87
0	0	0	0	0	0	0	88
0	0	0	0	0	0	0	89
0	0	0	0	0	0	0	90
0	0	0	0	0	0	0	91
0	0	0	0	0	0	0	92
0	0	0	0	0	0	0	93
0	0	0	0	0	0	0	94
0	0	0	0	0	0	0	95
0	0	0	0	0	0	0	96
0	0	0	0	0	0	0	97
0	0	0	0	0	0	0	98
0	0	0	0	0	0	0	99
0	0	0	0	0	0	0	100
0	0	0	0	0	0	0	101
0	0	0	0	0	0	0	102
0	0	0	0	0	0	0	103
0	0	0	0	0	0	0	104
0	0	0	0	0	0	0	105
0	0	0	0	0	0	0	106
0	0	0	0	0	0	0	107
0	0	0	0	0	0	0	108
0	0	0	0	0	0	0	109
0	0	0	0	0	0	0	110
0	0	0	0	0	0	0	111
0	0	0	0	0	0	0	112
0	0	0	0	0	0	0	113
0	0	0	0	0	0	0	114
0	0	0	0	0	0	0	115
0	0	0	0	0	0	0	116
0	0	0	0	0	0	0	117
0	0	0	0	0	0	0	118
0	0	0	0	0	0	0	119
0	0	0	0	0	0	0	120
0	0	0	0	0	0	0	121
0	0	0	0	0	0	0	122
0	0	0	0	0	0	0	123
0	0	0	0	0	0	0	124
0	0	0	0	0	0	0	125
0	0	0	0	0	0	0	126
0	0	0	0	0	0	0	127
0	0	0	0	0	0	0	128
0	0	0	0	0	0	0	129
0	0	0	0	0	0	0	130
0	0	0	0	0	0	0	131
0	0	0	0	0	0	0	132
0	0	0	0	0	0	0	133
0	0	0	0	0	0	0	134
0	0	0	0	0	0	0	135
0	0	0	0	0	0	0	136
0	0	0	0	0	0	0	137
0	0	0	0	0	0	0	138
0	0	0	0	0	0	0	139
0	0	0	0	0	0	0	140
0	0	0	0	0	0	0	141
0	0	0	0	0	0	0	142
0	0	0	0	0	0	0	143
0	0	0	0	0	0	0	144
0	0	0	0	0	0	0	145
0	0	0	0	0	0	0	146
0	0	0	0	0	0	0	147
0	0	0	0	0	0	0	148
0	0	0	0	0	0	0	149
0	0	0	0	0	0	0	150
0	0	0	0	0	0	0	151
0	0	0	0	0	0	0	152
0	0	0	0	0	0	0	153
0	0	0	0	0	0	0	154
0	0	0	0	0	0	0	155
0	0	0	0	0	0	0	156
0	0	0	0	0	0	0	157
0	0	0	0	0	0	0	158
0	0	0	0	0	0	0	159
0	0	0	0	0	0	0	160
0	0	0	0	0	0	0	161
0	0	0	0	0	0	0	162
0	0	0	0	0	0	0	163
0	0	0	0	0	0	0	164
0	0	0	0	0	0	0	165
0	0	0	0	0	0	0	166
0	0	0	0	0	0	0	167
0	0	0	0	0	0	0	168
0	0	0	0	0	0	0	169
0	0	0	0	0	0	0	170
0	0	0	0	0	0	0	171
0	0	0	0	0	0	0	172
0	0	0	0	0	0	0	173
0	0	0	0	0	0	0	174
0	0	0	0	0	0	0	175
0	0	0	0	0	0	0	176
0	0	0	0	0	0	0	177
0	0	0	0	0	0	0	178
0	0	0	0	0	0	0	179
0	0	0	0	0	0	0	180
0	0	0	0	0	0	0	181
0	0	0	0	0	0	0	182
0	0	0	0	0	0	0	183
0	0	0	0	0	0	0	184
0	0	0	0	0	0	0	185
0	0	0	0	0	0	0	186
0	0	0	0	0	0	0	187
0	0	0	0	0	0	0	188
0	0	0	0	0	0	0	189
0	0	0	0	0	0	0	190
0	0	0	0	0	0	0	191
0	0	0	0	0	0	0	192
0	0	0	0	0	0	0	193
0	0	0	0	0	0	0	194
0	0	0	0	0	0	0	195
0	0	0	0	0	0	0	196
0	0	0	0	0	0	0	197
0	0	0	0	0	0	0	198
0	0	0	0	0	0	0	199
0	0	0	0	0	0	0	200
0	0	0	0	0	0	0	201
0	0	0	0	0	0	0	202
0	0	0	0	0	0	0	203
0	0	0	0	0	0	0	204
0	0	0	0	0	0	0	205
0	0	0	0	0	0	0	206
0	0	0	0	0	0	0	207
0	0	0	0	0	0	0	208
0	0	0	0	0	0	0	209
0	0	0	0	0	0	0	210
0	0	0	0	0	0	0	211
0	0	0	0	0	0	0	212
0	0	0	0	0	0	0	213
0	0	0	0	0	0	0	214
0	0	0	0	0	0	0	215
0	0	0	0	0	0	0	216
0	0	0	0	0	0	0	217
0	0	0	0	0	0	0	218
0	0	0	0	0	0	0	219
0	0	0	0	0	0	0	220
0	0	0	0	0	0	0	221
0	0	0	0	0	0	0	222
0	0	0	0	0	0	0	223
0	0	0	0	0	0	0	224
0	0	0	0	0	0	0	225
0	0	0	0	0	0	0	226
0	0	0	0	0	0	0	227
0	0	0	0	0	0	0	228
0	0	0	0	0	0	0	229
0	0	0	0	0	0	0	230
0	0	0	0	0	0	0	231
0	0	0	0	0	0	0	232
0	0	0	0	0	0	0	233
0	0	0	0	0	0	0	234
0	0	0	0	0	0	0	235
0	0	0	0	0	0	0	236
0	0	0	0	0	0	0	237
0	0	0	0	0	0	0	238
0	0	0	0	0	0	0	239
0	0	0	0	0	0	0	240
0	0	0	0	0	0	0	241
0	0	0	0	0	0	0	242
0	0	0	0	0	0	0	243
0	0	0	0	0	0	0	244
0	0	0	0	0	0	0	245
0	0	0	0	0	0	0	246
0	0	0	0	0	0	0	247
0	0	0	0	0	0	0	248
0	0	0	0	0	0	0	249
0	0	0	0	0	0	0	250
0	0	0	0	0	0	0	251
0	0	0	0	0	0	0	252
0	0	0	0	0	0	0	253
0	0	0	0	0	0	0	254
0	0	0	0	0	0	0	255
0	0	0	0	0	0	0	256
0	0	0	0	0	0	0	257
0	0	0	0	0	0	0	258
0	0	0	0	0	0	0	259
0	0	0	0	0	0	0	260
0	0	0	0	0	0	0	261
0	0	0	0	0	0	0	262
0	0	0	0	0	0	0	263
0	0	0	0	0	0	0	264
0	0	0	0	0	0	0	265
0	0	0	0	0	0	0	266
0	0	0	0	0	0	0	267
0	0	0	0	0	0	0	268
0	0	0	0	0	0	0	269
0	0	0	0	0	0	0	270
0	0	0	0	0	0	0	271
0	0	0	0	0	0	0	272
0	0	0	0	0	0	0	273
0	0	0	0	0	0	0	274
0	0	0	0	0	0	0	275
0	0	0	0	0	0	0	276
0	0	0	0	0	0	0	277
0	0	0	0	0	0	0	278
0	0	0	0	0	0	0	279
0	0	0	0	0	0	0	280
0	0	0	0	0	0	0	281
0	0	0	0	0	0	0	282
0	0	0	0	0	0	0	283
0	0	0	0	0	0	0	284
0	0	0	0	0	0	0	285
0	0	0	0	0	0	0	286
0	0	0	0	0	0	0	287
0	0	0	0	0	0	0	288
0	0	0	0	0	0	0	289
0	0	0	0	0	0	0	290
0	0	0	0	0	0	0	291
0	0	0	0	0	0	0	292
0	0	0	0	0	0	0	293
0	0	0	0	0	0	0	294
0	0	0	0	0	0	0	295
0	0	0	0	0	0	0	296
0	0	0	0	0	0	0	297
0	0	0	0	0	0	0	298
0	0	0	0	0	0	0	299
0	0	0	0	0	0	0	300
0	0	0	0	0	0	0	301
0	0	0	0	0	0	0	302
0	0	0	0	0	0	0	303
0	0	0	0	0	0	0	304
0	0	0	0	0	0	0	305
0	0	0	0	0	0	0	306
0	0	0	0	0	0	0	307
0	0	0	0	0	0	0	308
0	0	0	0	0	0	0	309
0	0	0	0	0	0	0	310
0	0	0	0	0	0	0	311
0	0	0	0	0	0	0	312
0	0	0	0	0	0	0	313
0	0	0	0	0	0	0	314
0	0	0	0	0	0	0	315
0	0	0	0	0	0	0	316
0	0	0	0	0	0	0	317
0	0	0	0	0	0	0	318
0	0	0	0	0	0	0	319
0	0	0	0	0	0	0	320
0	0	0	0	0	0	0	321
0	0	0	0	0	0	0	322
0	0	0	0	0	0	0	323
0	0	0	0	0	0	0	324
0	0	0	0	0	0	0	325
0	0	0	0	0	0	0	326
0	0	0	0	0	0	0	327
0	0	0	0	0	0	0	328
0	0	0	0	0	0	0	329
0	0	0	0	0	0	0	330
0	0	0	0	0	0	0	331
0	0	0	0	0	0	0	332
0	0	0	0	0	0	0	333
0	0	0	0	0	0	0	334
0	0	0	0	0	0	0	335
0	0	0	0	0	0	0	336
0	0	0	0	0	0	0	337
0	0	0	0	0	0	0	338
0	0	0	0	0	0	0	339
0	0	0	0	0	0	0	340
0	0	0	0	0	0	0	341
0	0	0	0	0	0	0	342
0	0	0	0	0	0	0	343
0	0	0	0	0	0	0	344
0	0	0	0	0	0	0	345
0	0	0	0	0	0	0	346
0	0	0	0	0	0	0	347
0	0	0	0	0	0	0	348
0	0	0	0	0	0	0	349
0	0	0	0	0	0	0	350
0	0	0	0	0	0	0	351
0	0	0	0	0	0	0	352
0	0	0	0	0	0	0	353
0	0	0	0	0	0	0	354
0	0	0	0	0	0	0	355
0	0	0	0	0	0	0	356
0	0	0	0	0	0	0	357
0	0	0	0	0	0	0	358
0	0	0	0	0	0	0	359
0	0	0	0	0	0	0	360
0	0	0	0	0	0	0	361
0	0	0	0	0	0	0	362
0	0	0	0	0	0	0	363
0	0	0	0	0	0	0	364
0	0	0	0	0	0	0	365
0	0	0	0	0	0	0	366
0	0	0	0	0	0	0	367
0	0	0	0	0	0	0	368
0	0	0	0	0	0	0	369
0	0	0	0	0	0	0	370
0	0	0	0	0	0	0	371
0	0	0	0	0	0	0	372
0	0	0	0	0	0	0	373
0	0	0	0	0	0	0	374
0	0	0	0	0	0	0	375
0	0	0	0	0	0	0	376
0	0	0	0	0	0	0	377
0	0	0	0	0	0	0	378
0	0	0	0	0	0	0	379
0	0	0	0	0	0	0	380
0	0	0	0	0	0	0	381
0	0	0	0	0	0	0	382
0	0	0	0	0	0	0	383
0	0	0	0	0	0	0	384
0	0	0	0	0	0	0	385
0	0	0	0	0	0	0	386
0	0	0	0	0	0	0	387
0	0	0	0	0	0	0	388
0	0	0	0	0	0	0	389
0	0	0	0	0	0	0	390
0	0	0	0	0	0	0	391
0	0	0	0	0	0	0	392
0	0	0	0	0	0	0	393
0	0	0	0	0	0	0	394
0	0	0	0	0	0	0	395
0	0	0	0	0	0	0	396
0	0	0	0	0	0	0	397
0	0	0	0	0	0	0	398
0	0	0	0	0	0	0	399
0	0	0	0	0	0	0	400
0	0	0	0	0	0	0	401
0	0	0	0	0	0	0	402
0	0	0	0	0	0	0	403
0	0	0	0	0	0	0	404
0	0	0	0	0	0	0	405
0	0	0	0	0	0	0	406
0	0	0	0	0	0	0	407
0	0	0	0	0	0	0	408
0	0	0	0	0	0	0	409
0	0	0	0	0	0	0	410
0	0	0	0	0	0	0	411
0	0	0	0	0	0	0	412
0	0	0	0	0	0	0	413
0	0	0	0	0	0	0	414
0	0	0	0	0	0	0	415
0	0	0	0	0	0	0	416
0	0	0	0	0	0	0	417
0	0	0	0	0	0	0	418
0	0	0	0	0	0	0	419
0	0	0	0	0	0	0	420
0	0	0	0	0	0	0	421
0	0	0	0	0	0	0	422
0	0	0	0	0	0	0	423
0	0	0	0	0	0	0	424
0	0	0	0	0	0	0	425
0	0	0	0	0	0	0	426
0	0	0	0	0	0	0	427
0	0	0	0	0	0	0	428
0	0	0	0	0	0	0	429
0	0	0	0	0	0	0	430
0	0	0	0	0	0	0	431
0	0	0	0	0	0	0	432
0	0	0	0	0	0	0	433
0	0	0	0	0	0	0	434
0	0	0	0	0	0	0	435
0	0	0	0	0	0	0	436
0	0	0	0	0	0	0	437
0	0	0	0	0	0	0	438
0	0	0	0	0	0	0	439
0	0	0	0	0	0	0	440
0	0	0	0	0	0	0	441
0	0	0	0	0	0	0	442
0	0	0	0	0	0	0	443
0	0	0	0	0	0	0	444
0	0	0	0	0	0	0	445
0	0	0	0	0	0	0	446
0	0	0	0	0	0	0	447
0	0	0	0	0	0	0	448
0	0	0	0	0	0	0	449
0	0	0	0	0	0	0	450
0	0	0	0	0	0	0	451
0	0	0	0	0	0	0	452
0	0	0	0	0	0	0	453
0	0	0	0	0	0	0	454
0	0	0	0	0	0	0	455
0	0	0	0	0	0	0	456
0	0	0	0	0	0	0	457
0	0	0	0	0	0	0	458
0	0	0	0	0	0	0	459
0	0	0	0	0	0	0	460
0	0	0	0	0	0	0	461
0	0	0	0	0	0	0	462
0	0	0	0	0	0	0	463
0	0	0	0	0	0	0	464
0	0	0	0	0	0	0	465
0	0	0	0	0	0	0	466
0	0	0	0	0	0	0	467
0	0	0	0	0	0	0	468
0	0	0	0	0	0	0	469
0	0	0	0	0	0	0	470
0	0	0	0	0	0	0	471
0	0	0	0	0	0	0	472
0	0	0	0	0	0	0	473
0	0	0	0	0	0	0	474
0	0	0	0	0	0	0	475
0	0	0	0	0	0	0	476
0	0	0	0	0	0	0	477
0	0	0	0	0	0	0	478
0	0	0	0	0	0	0	479
0	0	0	0	0	0	0	480
0	0	0	0	0	0	0	481
0	0	0	0	0	0	0	482
0	0	0	0	0	0	0	483
0	0	0	0	0	0	0	484
0	0	0	0	0	0	0	485
0	0	0	0	0	0	0	486
0	0	0	0	0	0	0	487
0	0	0	0	0	0	0	488
0	0	0	0	0	0	0	489
0	0	0	0	0	0	0	490
0	0	0	0	0	0	0	491
0	0	0	0	0	0	0	492
0	0	0	0	0	0	0	493
0	0	0	0	0	0	0	494
0	0	0	0	0	0	0	495
0	0	0	0	0	0	0	496
0	0	0	0	0	0	0	497
0	0	0	0	0	0	0	498
0	0	0	0	0	0	0	499
0	0	0	0	0	0	0	500
0	0	0	0	0	0	0	501
0	0	0	0	0	0	0	502
0	0	0	0	0	0	0	503
0	0	0	0	0	0	0	504
0	0	0	0	0	0	0	505
0	0	0	0	0	0	0	506
0	0	0	0	0	0	0	507
0	0	0	0	0	0	0	508
0	0	0	0	0	0	0	509
0	0	0	0	0	0	0	510
0	0	0	0	0	0	0	511
0	0	0	0	0	0	0	512
0	0	0	0	0	0	0	513
0	0	0	0	0	0	0	514
0	0	0	0	0	0	0	515
0	0	0	0	0	0	0	516
0	0	0	0	0	0	0	517
0	0	0	0	0	0	0	518
0	0	0	0	0	0	0	519
0	0	0	0	0	0	0	520
0	0	0	0	0	0	0	521
0	0	0	0	0	0	0	522
0	0	0	0	0	0	0	523
0	0	0	0	0	0	0	524
0	0	0	0	0	0	0	525
0	0	0	0	0	0	0	526
0	0	0	0	0	0	0	527
0	0	0	0	0	0	0	528
0	0	0	0	0	0	0	529
0	0	0	0	0	0	0	530
0	0	0	0	0	0	0	531
0	0	0	0	0	0	0	532
0	0	0	0	0	0	0	533
0	0	0	0	0	0	0	534
0	0	0	0	0	0	0	535
0	0	0	0	0	0	0	536
0	0	0	0	0	0	0	537
0	0	0	0	0	0	0	538
0	0	0	0	0	0	0	539
0	0	0	0	0	0	0	540
0	0	0	0	0	0	0	541
0	0	0	0	0	0	0	542
0	0	0	0	0	0	0	543
0	0	0	0	0	0	0	544
0	0	0	0	0	0	0	545
0	0	0	0	0	0	0	546
0	0	0	0	0	0	0	547
0	0	0	0	0	0	0	548
0	0	0	0	0	0	0	549
0	0	0	0	0	0	0	550
0	0	0	0	0	0	0	551
0	0	0	0	0	0	0	552
0	0	0	0	0	0	0	553
0	0	0	0	0	0	0	554
0	0	0	0	0	0	0	555
0	0	0	0	0	0	0	556
0	0	0	0	0	0	0	557
0	0	0	0	0	0	0	558
0	0	0	0	0	0	0	559
0	0	0	0	0	0	0	560
0	0	0	0	0	0	0	561
0	0	0	0	0	0	0	562
0	0	0	0	0	0	0	563
0	0	0	0	0	0	0	564
0	0	0	0	0	0	0	565
0	0	0	0	0	0	0	566
0	0	0	0	0	0	0	567
0	0	0	0	0	0	0	568
0	0	0	0	0	0	0	569
0	0	0	0	0	0	0	570
0	0	0	0	0	0	0	571
0	0	0	0	0	0	0	572
0	0	0	0	0	0	0	573
0	0	0	0	0	0	0	574
0	0	0	0	0	0	0	575
0	0	0	0	0	0	0	576
0	0	0	0	0	0	0	577
0	0	0	0	0	0	0	578
0	0	0	0	0	0	0	579
0	0	0	0	0	0	0	580
0	0	0	0	0	0	0	581
0	0	0	0	0	0	0	582
0	0	0	0	0	0	0	583
0	0	0	0	0	0	0	584
0	0	0	0	0	0	0	585
0	0	0	0	0	0	0	586
0	0	0	0	0	0	0	587
0	0	0	0	0	0	0	588
0	0	0	0	0	0	0	589
0	0	0	0	0	0	0	590
0	0	0	0	0	0	0	591
0	0	0	0	0	0	0	592
0	0	0	0	0	0	0	593
0	0	0	0	0	0	0	594
0	0	0	0	0	0	0	595
0	0	0	0	0	0	0	596
0	0	0	0	0	0	0	597
0	0	0	0	0	0	0	598
0	0	0	0	0	0	0	599
0	0	0	0	0	0	0	600
0	0	0	0	0	0	0	601
0	0	0	0	0	0	0	602
0	0	0	0	0	0	0	603
0	0	0	0	0	0	0	604
0	0	0	0	0	0	0	605
0	0	0	0	0	0	0	606
0	0	0	0	0	0	0	607
0	0	0	0	0	0	0	608
0	0	0	0	0	0	0	609
0	0	0	0	0	0	0	610
0	0	0	0	0	0	0	611
0	0	0	0	0	0	0	612
0	0	0	0	0	0	0	613
0	0	0	0	0	0	0	614
0	0	0	0	0	0	0	615
0	0	0	0	0	0	0	616
0	0	0	0	0	0	0	617
0	0	0	0	0	0	0	618
0	0	0	0	0	0	0	619
0	0	0	0	0	0	0	620
0	0	0	0	0	0	0	621
0	0	0	0	0	0	0	622
0	0	0	0	0	0	0	623
0	0	0	0	0	0	0	624
0	0	0	0	0	0	0	625
0	0	0	0	0	0	0	626
0	0	0	0	0	0	0	627
0	0	0	0	0	0	0	628
0	0	0	0	0	0	0	629
0	0	0	0	0	0	0	630
0	0	0	0	0	0	0	631
0	0	0	0	0	0	0	632
0	0	0	0	0	0	0	633
0	0	0	0	0	0	0	634
0	0	0	0	0	0	0	635
0	0	0	0	0	0	0	636
0	0	0	0	0	0	0	637
0	0	0	0	0	0	0	638
0	0	0	0	0	0	0	639
0	0	0	0	0	0	0	640
0	0	0	0	0	0	0	641
0	0	0	0	0	0	0	642
0	0	0	0	0	0	0	643
0	0	0	0	0	0	0	644
0	0	0	0	0	0	0	645
0	0	0	0	0	0	0	646
0	0	0	0	0	0	0	647
0	0	0	0	0	0	0	648
0	0	0	0	0	0	0	649
0	0	0	0	0	0	0	650
0	0	0	0	0	0	0	651
0	0	0	0	0	0	0	652
0	0	0	0	0	0	0	653
0	0	0	0	0	0	0	654
0	0	0	0	0	0	0	655
0	0	0	0	0	0	0	656
0	0	0	0	0	0	0	657
0	0	0	0	0	0	0	658
0	0	0	0	0	0	0	659
0	0	0	0	0	0	0	660
0	0	0	0	0	0	0	661
0	0	0	0	0	0	0	662
0	0	0	0	0	0	0	663
0	0	0	0	0	0	0	664
0	0	0	0	0	0	0	665
0	0	0	0	0	0	0	666
0	0	0	0	0	0	0	667
0	0	0	0	0	0	0	668
0	0	0	0	0	0	0	669
0	0	0	0	0	0	0	670
0	0	0	0	0	0	0	671
0	0	0	0	0	0	0	672
0	0	0	0	0	0	0	673
0	0	0	0	0	0	0	674
0	0	0	0	0	0	0	675
0	0	0	0	0	0	0	676
0	0	0	0	0	0	0	677
0	0	0	0	0	0	0	678
0	0	0	0	0	0	0	679
0	0	0	0	0	0	0	680
0	0	0	0	0	0	0	681
0	0	0	0	0	0	0	682
0	0	0	0	0	0	0	683
0	0	0	0	0	0	0	684
0	0	0	0	0	0	0	685
0	0	0	0	0	0	0	686
0	0	0	0	0	0	0	687
0	0	0	0	0	0	0	688
0	0	0	0	0	0	0	689
0	0	0	0	0	0	0	690
0	0	0	0	0	0	0	691
0	0	0	0	0	0	0	692
0	0	0	0	0	0	0	693
0	0	0	0	0	0	0	694
0	0	0	0	0	0	0	695
0	0	0	0	0	0	0	696
0	0	0	0	0	0	0	697
0	0	0	0	0	0	0	698
0	0	0	0	0	0	0	699
0	0	0	0	0	0	0	700
0	0	0	0	0	0	0	701
0	0	0	0	0	0	0	702
0	0	0	0	0	0	0	703
0	0	0	0	0	0	0	704
0	0	0	0	0	0	0	705
0	0	0	0	0	0	0	706
0	0	0	0	0	0	0	707
0	0	0	0	0	0	0	708
0	0	0	0	0	0	0	709
0	0	0	0	0	0	0	710
0	0	0	0	0	0	0	711
0	0	0	0	0	0	0	712
0	0	0	0	0	0	0	713
0	0	0	0	0	0	0	714
0	0	0	0	0	0	0	715
0	0	0	0	0	0	0	716
0	0	0	0	0	0	0	717
0	0	0	0	0	0	0	718
0	0	0	0	0	0	0	719
0	0	0	0	0	0	0	720
0	0	0	0	0	0	0	721
0	0	0	0	0	0	0	722
0	0	0	0	0	0	0	723
0	0	0	0	0	0	0	724
0	0	0	0	0	0	0	725
0	0	0	0	0	0	0	726
0	0	0	0	0	0	0	727
0	0	0	0	0	0	0	728
0	0	0	0	0	0	0	729
0	0	0	0	0	0	0	730
0	0	0	0	0	0	0	731
0	0	0	0	0	0	0	732
0	0	0	0	0	0	0	733
0	0	0	0	0	0	0	734
0	0	0	0	0	0	0	735
0	0	0	0	0	0	0	736
0	0	0	0	0	0	0	737
0	0	0	0	0	0	0	738
0	0	0	0	0	0	0	739
0	0	0	0	0	0	0	740
0	0	0	0	0	0	0	741
0	0	0	0	0	0	0	742
0	0	0	0	0	0	0	743
0	0	0	0	0	0	0	744
0	0	0	0	0	0	0	745
0	0	0	0	0	0	0	746
0	0	0	0	0	0	0	747
0	0	0	0	0	0	0	748
0	0	0	0	0	0	0	749
0	0	0	0	0	0	0	750
0	0	0	0	0	0	0	751
0	0	0	0	0	0	0	752
0	0	0	0	0	0	0	753
0	0	0	0	0	0	0	754
0	0	0	0	0	0	0	755
0	0	0	0	0	0	0	756
0	0	0	0	0	0	0	757
0	0	0	0	0	0	0	758
0	0	0	0	0	0	0	759
0	0	0	0	0	0	0	760
0	0	0	0	0	0	0	761
0	0	0	0	0	0	0	762
0	0	0	0	0	0	0	763
0	0	0	0	0	0	0	764
0	0	0	0	0	0	0	765
0	0	0	0	0	0	0	766
0	0	0	0	0	0	0	767
0	0	0	0	0	0	0	768
0	0	0	0	0	0	0	769
0	0	0	0	0	0	0	770
0	0	0	0	0	0	0	771
0	0	0	0	0	0	0	772
0	0	0	0	0	0	0	773
0	0	0	0	0	0	0	774
0	0	0	0	0	0	0	775
0	0	0	0	0	0	0	776
0	0	0	0	0	0	0	777
0	0	0	0	0	0	0	778
0	0	0	0	0	0	0	779
0	0	0	0	0	0	0	780
0	0	0	0	0	0	0	781
0	0	0	0	0	0	0	782
0	0	0	0	0	0	0	783
0	0	0	0	0	0	0	784
0	0	0	0	0	0	0	785
0	0	0	0	0	0	0	786
0	0	0	0	0	0	0	787
0	0	0	0	0	0	0	788
0	0	0	0	0	0	0	789
0	0	0	0	0	0	0	790
0	0	0	0	0	0	0	791
0	0	0	0	0	0	0	792
0	0	0	0	0	0	0	793
0	0	0	0	0	0	0	794
0	0	0	0	0	0	0	795
0	0	0	0	0	0	0	796
0	0	0	0	0	0	0	797
0	0	0	0	0	0	0	798
0	0	0	0	0	0	0	799
0	0	0	0	0	0	0	800
0	0	0	0	0	0	0	801
0	0	0	0	0	0	0	802
0	0	0	0	0	0	0	803
0	0	0	0	0	0	0	804
0	0	0	0	0	0	0	805
0	0	0	0	0	0	0	806
0	0	0	0	0	0	0	807
0	0	0	0	0	0	0	808
0	0	0	0	0	0	0	809
0	0	0	0	0	0	0	810
0	0	0	0	0	0	0	811
0	0	0	0	0	0	0	812
0	0	0	0	0	0	0	813
0	0	0	0	0	0	0	814
0	0	0	0	0	0	0	815
0	0	0	0	0	0	0	816
0	0	0	0	0	0	0	817
0	0	0	0	0	0	0	818
0	0	0	0	0	0	0	819
0	0	0	0	0	0	0	820
0	0	0	0	0	0	0	821
0	0	0	0	0	0	0	822
0	0	0	0	0	0	0	823
0	0	0	0	0	0	0	824
0	0	0	0	0	0	0	825
0	0	0	0	0	0	0	826
0	0	0	0	0	0	0	827
0	0	0	0	0	0	0	828
0	0	0	0	0	0	0	829
0	0	0	0	0	0	0	830
0	0	0	0	0	0	0	831
0	0	0	0	0	0	0	832
0	0	0	0	0	0	0	833
0	0	0	0	0	0	0	834
0	0	0	0	0	0	0	835
0	0	0	0	0	0	0	836
0	0	0	0	0	0	0	837
0	0	0	0	0	0	0	838
0	0	0	0	0	0	0	839
0	0	0	0	0	0	0	840
0	0	0	0	0	0	0	841
0	0	0	0	0	0	0	842
0	0	0	0	0	0	0	843
0	0	0	0	0	0	0	844
0	0	0	0	0	0	0	845
0	0	0	0	0	0	0	846
0	0	0	0	0	0	0	847
0	0	0	0	0	0	0	848
0	0	0	0	0	0	0	849
0	0	0	0	0	0	0	850
0	0	0	0	0	0	0	851
0	0	0	0	0	0	0	852
0	0	0	0	0	0	0	853
0	0	0	0	0	0	0	854
0	0	0	0	0	0	0	855
0	0	0	0	0	0	0	856
0	0	0	0	0	0	0	857
0	0	0	0	0	0	0	858
0	0	0	0	0	0	0	859
0	0	0	0	0	0	0	860
0	0	0	0	0	0	0	861
0	0	0	0	0	0	0	862
0	0	0	0	0	0	0	863
0	0	0	0	0	0	0	864
0	0	0	0	0	0	0	865
0	0	0	0	0	0	0	866
0	0	0	0	0	0	0	867
0	0	0	0	0	0	0	868
0	0	0	0	0	0	0	869
0	0	0	0	0	0	0	870
0	0	0	0	0	0	0	871
0	0	0	0	0	0	0	872
0	0	0	0	0	0	0	873
0	0	0	0	0	0	0	874
0	0	0	0	0	0	0	875
0	0	0	0	0	0	0	876
0	0	0	0	0	0	0	877
0	0	0	0	0	0	0	878
0	0	0	0	0	0	0	879
0	0	0	0	0	0	0	880
0	0	0	0	0	0	0	881
0	0	0	0	0	0	0	882
0	0	0	0	0	0	0	883
0	0	0	0	0	0	0	884
0	0	0	0	0	0	0	885
0	0	0	0	0	0	0	886
0	0	0	0	0	0	0	887
0	0	0	0	0	0	0	888
0	0	0	0	0	0	0	889
0	0	0	0	0	0	0	890
0	0	0	0	0	0	0	891
0	0	0	0	0	0	0	892
0	0	0	0	0	0	0	893
0	0	0	0	0	0	0	894
0	0	0	0	0	0	0	895
0	0	0	0	0	0	0	896
0	0	0	0	0	0	0	897
0	0	0	0	0	0	0	898
0	0	0	0	0	0	0	899
0	0	0	0	0	0	0	900
0	0	0	0	0	0	0	901
0	0	0	0	0	0	0	902
0	0	0	0	0	0	0	903
0	0	0	0	0	0	0	904
0	0	0	0	0	0	0	905
0	0	0	0	0	0	0	906
0	0	0	0	0	0	0	907
0	0	0	0	0	0	0	908
0	0	0	0	0	0	0	909
0	0	0	0	0	0	0	910
0	0	0	0	0	0	0	911
0	0	0	0	0	0	0	912
0	0	0	0	0	0	0	913
0	0	0	0	0	0	0	914
0	0	0	0	0	0	0	915
0	0	0	0	0	0	0	916
0	0	0	0	0	0	0	917
0	0	0	0	0	0	0	918
0	0	0	0	0	0	0	919
0	0	0	0	0	0	0	920
0	0	0	0	0	0	0	921
0	0	0	0	0	0	0	922
0	0	0	0	0	0	0	923
0	0	0	0	0	0	0	924
0	0	0	0	0	0	0	925
0	0	0	0	0	0	0	926
0	0	0	0	0	0	0	927
0	0	0	0	0	0	0	928
0	0	0	0	0	0	0	929
0	0	0	0	0	0	0	930
0	0	0	0	0	0	0	931
0	0	0	0	0	0	0	932
0	0	0	0	0	0	0	933
0	0	0	0	0	0	0	934
0	0	0	0	0	0	0	935
0	0	0	0	0	0	0	936
0	0	0	0	0	0	0	937
0	0	0	0	0	0	0	938
0	0	0	0	0	0	0	939
0	0	0	0	0	0	0	940
0	0	0	0	0	0	0	941
0	0	0	0	0	0	0	942
0	0	0	0	0	0	0	943
0	0	0	0	0	0	0	944
0	0	0	0	0	0	0	945
0	0	0	0	0	0	0	946
0	0	0	0	0	0	0	947
0	0	0	0	0	0	0	948
0	0	0	0	0	0	0	949
1	1	170	60	204	106	1564	950
1	1	169	62	199	92	900	951
1	1	153	60	201	95	1680	952
1	1	152	60	198	100	1840	953
1	1	151	60	197	106	2116	954
1	1	149	61	195	116	2530	955
1	1	156	60	204	125	3120	956
1	1	148	60	204	125	3640	957
1	1	149	60	193	120	2640	958
1	1	147	60	195	118	2784	959
1	1	148	62	197	118	2744	960
1	1	146	60	201	122	3410	961
1	1	141	60	206	125	4225	962
1	1	140	60	209	129	4761	963
1	1	136	60	210	132	5328	964
1	1	138	60	211	130	5110	965
1	1	143	62	211	134	4896	966
1	1	146	66	218	140	5328	967
1	1	147	65	222	147	6150	968
1	1	149	62	227	158	7488	969
1	1	149	70	237	168	8624	970
1	1	146	65	241	175	10450	971
1	1	161	66	239	184	9204	972
1	1	161	68	240	180	8848	973
1	1	165	73	241	179	8056	974
1	1	162	76	244	175	8118	975
1	1	161	75	252	179	9464	976
1	1	164	77	259	195	11210	977
1	1	172	89	269	202	10961	978
1	1	172	93	277	218	13125	979
1	1	176	101	275	209	10692	980
1	1	188	104	275	217	9831	981
1	1	191	107	280	211	9256	982
1	1	196	113	288	213	9200	983
1	1	202	129	299	225	9312	984
1	1	210	137	300	233	8640	985
1	1	210	158	299	249	8099	986
1	1	217	180	289	269	6408	987
1	1	221	193	288	275	5494	988
1	1	217	199	304	277	6786	989
1	1	218	203	304	288	7310	990
1	1	218	214	301	307	7719	991
1	1	219	228	299	325	7760	992
1	1	224	251	302	353	7956	993
1	1	227	252	303	364	8512	994
1	1	231	253	305	372	8806	995
1	1	236	253	307	380	9017	996
1	1	241	255	310	388	9177	997
1	1	244	263	313	396	9177	998
1	1	248	273	316	403	8840	999
1	1	251	284	319	408	8432	1000
1	1	254	296	321	410	7638	1001
1	1	257	301	324	410	7303	1002
1	1	264	301	330	410	7194	1003
1	1	267	301	334	410	7303	1004
1	1	269	301	339	410	7630	1005
1	1	272	305	344	410	7560	1006
1	1	280	311	348	410	6732	1007
1	1	287	319	354	410	6097	1008
1	1	288	326	345	402	4332	1009
1	1	291	317	380	410	8277	1010
1	1	292	312	386	410	9212	1011
1	1	295	312	392	410	9506	1012
1	1	300	313	398	410	9506	1013
1	1	305	312	403	407	9310	1014
1	1	320	314	414	409	8930	1015
1	1	322	314	414	409	8740	1016
1	1	333	310	417	396	7224	1017
1	1	333	298	422	390	8188	1018
1	1	333	286	426	384	9114	1019
1	1	333	281	430	378	9409	1020
1	1	334	277	435	371	9494	1021
1	1	336	273	440	363	9360	1022
1	1	336	281	448	407	14112	1023
1	1	345	273	450	351	8190	1024
1	1	351	273	450	343	6930	1025
1	1	354	269	450	335	6336	1026
1	1	356	250	450	327	7238	1027
1	1	356	239	450	318	7426	1028
1	1	349	230	438	298	6052	1029
1	1	356	226	450	299	6862	1030
1	1	356	224	450	294	6580	1031
1	1	350	223	450	289	6600	1032
1	1	351	221	450	281	5940	1033
1	1	348	220	450	276	5712	1034
1	1	362	214	448	258	3784	1035
1	1	350	202	446	256	5184	1036
1	1	350	191	450	255	6400	1037
1	1	353	179	449	240	5856	1038
1	1	346	171	450	246	7800	1039
1	1	346	161	450	243	8528	1040
1	1	347	150	450	239	9167	1041
1	1	346	140	450	231	9464	1042
1	1	345	130	450	229	10395	1043
1	1	343	120	447	187	6968	1044
1	1	343	112	445	190	7956	1045
1	1	335	104	442	202	10486	1046
1	1	332	97	435	199	10506	1047
1	1	331	91	430	196	10395	1048
1	1	330	84	424	193	10246	1049
1	1	330	76	418	187	9768	1050
1	1	330	70	413	178	8964	1051
1	1	326	80	408	159	6478	1052
1	1	324	68	410	144	6536	1053
1	1	323	64	399	140	5776	1054
1	1	326	60	398	150	6480	1055
1	1	324	60	394	150	6300	1056
1	1	322	60	388	149	5874	1057
1	1	316	62	368	143	4212	1058
1	1	317	60	370	134	3922	1059
1	1	318	60	383	127	4355	1060
1	1	314	60	367	121	3233	1061
1	1	314	60	378	114	3456	1062
1	1	310	60	363	114	2862	1063
1	1	306	60	357	113	2703	1064
1	1	304	60	353	113	2597	1065
1	1	303	60	347	112	2288	1066
1	1	302	60	338	101	1476	1067
1	1	302	60	338	101	1476	1068
1	1	302	60	338	101	1476	1069
1	1	302	60	338	101	1476	1070
1	1	302	60	338	101	1476	1071
1	1	302	60	338	101	1476	1072
1	1	302	60	338	101	1476	1073
0	0	0	0	0	0	0	1074
0	0	0	0	0	0	0	1075
0	0	0	0	0	0	0	1076
0	0	0	0	0	0	0	1077
0	0	0	0	0	0	0	1078
0	0	0	0	0	0	0	1079
0	0	0	0	0	0	0	1080
0	0	0	0	0	0	0	1081
0	0	0	0	0	0	0	1082
0	0	0	0	0	0	0	1083
0	0	0	0	0	0	0	1084
0	0	0	0	0	0	0	1085
0	0	0	0	0	0	0	1086
0	0	0	0	0	0	0	1087
0	0	0	0	0	0	0	1088
0	0	0	0	0	0	0	1089
0	0	0	0	0	0	0	1090
0	0	0	0	0	0	0	1091
0	0	0	0	0	0	0	1092
0	0	0	0	0	0	0	1093
0	0	0	0	0	0	0	1094
0	0	0	0	0	0	0	1095
0	0	0	0	0	0	0	1096
0	0	0	0	0	0	0	1097
0	0	0	0	0	0	0	1098
0	0	0	0	0	0	0	1099
0	0	0	0	0	0	0	1100
0	0	0	0	0	0	0	1101
0	0	0	0	0	0	0	1102
0	0	0	0	0	0	0	1103
0	0	0	0	0	0	0	1104
0	0	0	0	0	0	0	1105
0	0	0	0	0	0	0	1106
0	0	0	0	0	0	0	1107
0	0	0	0	0	0	0	1108
0	0	0	0	0	0	0	1109
0	0	0	0	0	0	0	1110
0	0	0	0	0	0	0	1111
0	0	0	0	0	0	0	1112
0	0	0	0	0	0	0	1113
0	0	0	0	0	0	0	1114
0	0	0	0	0	0	0	1115
0	0	0	0	0	0	0	1116
0	0	0	0	0	0	0	1117
0	0	0	0	0	0	0	1118
0	0	0	0	0	0	0	1119
0	0	0	0	0	0	0	1120
0	0	0	0	0	0	0	1121
0	0	0	0	0	0	0	1122
0	0	0	0	0	0	0	1123
0	0	0	0	0	0	0	1124
0	0	0	0	0	0	0	1125
0	0	0	0	0	0	0	1126
0	0	0	0	0	0	0	1127
0	0	0	0	0	0	0	1128
0	0	0	0	0	0	0	1129
0	0	0	0	0	0	0	1130
0	0	0	0	0	0	0	1131
0	0	0	0	0	0	0	1132
0	0	0	0	0	0	0	1133
0	0	0	0	0	0	0	1134
0	0	0	0	0	0	0	1135
0	0	0	0	0	0	0	1136
0	0	0	0	0	0	0	1137
0	0	0	0	0	0	0	1138
0	0	0	0	0	0	0	1139
0	0	0	0	0	0	0	1140
0	0	0	0	0	0	0	1141
0	0	0	0	0	0	0	1142
0	0	0	0	0	0	0	1143
0	0	0	0	0	0	0	1144
0	0	0	0	0	0	0	1145
0	0	0	0	0	0	0	1146
0	0	0	0	0	0	0	1147
0	0	0	0	0	0	0	1148
0	0	0	0	0	0	0	1149
0	0	0	0	0	0	0	1150
0	0	0	0	0	0	0	1151
0	0	0	0	0	0	0	1152
0	0	0	0	0	0	0	1153
0	0	0	0	0	0	0	1154
0	0	0	0	0	0	0	1155
0	0	0	0	0	0	0	1156
0	0	0	0	0	0	0	1157
0	0	0	0	0	0	0	1158
0	0	0	0	0	0	0	1159
0	0	0	0	0	0	0	1160
0	0	0	0	0	0	0	1161
0	0	0	0	0	0	0	1162
0	0	0	0	0	0	0	1163
0	0	0	0	0	0	0	1164
0	0	0	0	0	0	0	1165
0	0	0	0	0	0	0	1166
0	0	0	0	0	0	0	1167
0	0	0	0	0	0	0	1168
0	0	0	0	0	0	0	1169
0	0	0	0	0	0	0	1170
0	0	0	0	0	0	0	1171
0	0	0	0	0	0	0	1172
0	0	0	0	0	0	0	1173
0	0	0	0	0	0	0	1174
0	0	0	0	0	0	0	1175
0	0	0	0	0	0	0	1176
0	0	0	0	0	0	0	1177
0	0	0	0	0	0	0	1178
0	0	0	0	0	0	0	1179
0	0	0	0	0	0	0	1180
0	0	0	0	0	0	0	1181
0	0	0	0	0	0	0	1182
0	0	0	0	0	0	0	1183
0	0	0	0	0	0	0	1184
0	0	0	0	0	0	0	1185
0	0	0	0	0	0	0	1186
0	0	0	0	0	0	0	1187
0	0	0	0	0	0	0	1188
0	0	0	0	0	0	0	1189
0	0	0	0	0	0	0	1190
0	0	0	0	0	0	0	1191
0	0	0	0	0	0	0	1192
0	0	0	0	0	0	0	1193
0	0	0	0	0	0	0	1194
0	0	0	0	0	0	0	1195
0	0	0	0	0	0	0	1196
0	0	0	0	0	0	0	1197
0	0	0	0	0	0	0	1198
0	0	0	0	0	0	0	1199
0	0	0	0	0	0	0	1200
0	0	0	0	0	0	0	1201
0	0	0	0	0	0	0	1202
0	0	0	0	0	0	0	1203
0	0	0	0	0	0	0	1204
0	0	0	0	0	0	0	1205
0	0	0	0	0	0	0	1206
0	0	0	0	0	0	0	1207
0	0	0	0	0	0	0	1208
0	0	0	0	0	0	0	1209
0	0	0	0	0	0	0	1210
1	2	131	60	188	88	1596	1211
1	2	130	60	186	89	1624	1212
1	2	133	60	182	94	1666	1213
1	2	123	60	180	98	2166	1214
1	2	120	60	178	88	1624	1215
1	2	116	60	176	90	1800	1216
1	2	113	60	175	104	2728	1217
1	2	111	60	173	104	2728	1218
1	2	109	60	171	103	2666	1219
1	2	107	60	170	104	2772	1220
1	2	105	60	167	104	2728	1221
1	2	103	60	165	104	2728	1222
1	2	96	60	156	121	3660	1223
1	2	96	60	155	122	3658	1224
1	2	99	60	150	122	3162	1225
1	2	96	60	152	123	3528	1226
1	2	95	62	148	123	3233	1227
1	2	93	66	150	124	3306	1228
1	2	88	69	153	127	3770	1229
1	2	87	74	149	126	3224	1230
1	2	84	75	148	128	3392	1231
1	2	85	79	147	126	2914	1232
1	2	82	80	147	131	3315	1233
1	2	77	74	151	142	5032	1234
1	2	77	91	137	144	3180	1235
1	2	75	94	134	144	2950	1236
2	2	73	97	132	146	2891	1237
2	3	255	289	317	410	7502	1237
2	2	71	99	153	157	4756	1238
2	3	251	289	314	410	7623	1238
2	2	70	102	153	158	4648	1239
2	3	251	289	312	410	7381	1239
2	2	69	104	153	163	4956	1240
2	3	253	290	309	410	6720	1240
2	2	67	107	132	157	3250	1241
2	3	257	293	305	410	5616	1241
2	2	66	109	128	159	3100	1242
2	3	260	300	300	410	4400	1242
2	2	64	111	130	163	3432	1243
2	3	252	317	300	406	4272	1243
2	2	56	110	124	187	5236	1244
2	3	255	311	295	410	3960	1244
2	2	62	117	124	167	3100	1245
2	3	252	317	293	410	3813	1245
2	2	60	119	123	168	3087	1246
2	3	248	316	291	410	4042	1246
2	2	58	121	121	168	2961	1247
2	3	243	316	290	410	4418	1247
2	2	57	124	148	177	4823	1248
2	3	236	315	288	410	4940	1248
2	2	56	126	145	196	6230	1249
2	3	233	313	288	410	5335	1249
2	2	55	129	117	198	4278	1250
2	3	227	312	287	410	5880	1250
2	2	54	131	120	202	4686	1251
2	3	222	311	286	410	6336	1251
2	2	53	133	121	203	4760	1252
2	3	206	319	273	403	5628	1252
2	2	52	135	140	207	6336	1253
2	3	205	319	267	404	5270	1253
2	2	51	137	139	208	6248	1254
2	3	204	315	264	405	5400	1254
2	2	50	138	117	211	4891	1255
2	3	204	316	261	405	5073	1255
2	2	49	139	138	214	6675	1256
2	3	183	309	257	409	7400	1256
2	2	49	140	138	216	6764	1257
2	3	179	311	253	407	7104	1257
2	2	48	141	137	216	6675	1258
2	3	189	298	250	407	6649	1258
2	2	47	142	116	217	5175	1259
2	3	182	294	249	406	7504	1259
2	2	47	142	138	220	7098	1260
2	3	175	286	244	403	8073	1260
2	2	171	286	243	389	7416	1261
2	3	46	143	138	220	7084	1261
2	2	163	274	250	393	10353	1262
2	3	46	144	137	220	6916	1262
2	2	158	272	260	406	13668	1263
2	3	45	145	140	220	7125	1263
2	2	170	274	232	362	5456	1264
2	3	45	146	138	220	6882	1264
2	2	143	261	251	373	12096	1265
2	3	45	147	137	220	6716	1265
2	2	137	257	250	366	12317	1266
2	3	45	149	137	220	6532	1266
2	2	143	263	235	359	8832	1267
2	3	45	150	138	218	6324	1267
2	2	131	251	253	350	12078	1268
2	3	45	149	139	217	6392	1268
2	2	129	240	252	342	12546	1269
2	3	44	149	137	214	6045	1269
2	2	150	243	224	324	5994	1270
2	3	44	149	137	212	5859	1270
2	2	150	232	225	309	5775	1271
2	3	43	148	114	208	4260	1271
2	2	148	228	228	302	5920	1272
2	3	43	147	135	210	5796	1272
2	2	141	221	232	287	6006	1273
2	3	40	146	115	204	4350	1273
2	2	138	220	234	285	6240	1274
2	3	40	146	133	218	6696	1274
2	2	140	216	233	289	6789	1275
2	3	40	146	132	221	6900	1275
2	2	129	214	234	274	6300	1276
2	3	40	146	122	212	5412	1276
2	2	132	201	238	269	7208	1277
2	3	40	146	117	214	5236	1277
2	2	136	195	244	265	7560	1278
2	3	40	146	119	216	5530	1278
2	2	130	196	253	260	7872	1279
2	3	40	146	100	217	4260	1279
2	2	159	194	246	260	5742	1280
2	3	40	146	118	217	5538	1280
2	2	152	187	254	253	6732	1281
2	3	40	146	118	217	5538	1281
2	2	159	180	256	251	6887	1282
2	3	40	146	118	220	5772	1282
2	2	167	173	256	250	6853	1283
2	3	40	146	117	222	5852	1283
2	2	176	168	258	250	6724	1284
2	3	40	147	116	224	5852	1284
2	2	194	164	275	247	6723	1285
2	3	40	148	116	229	6156	1285
2	2	211	168	284	242	5402	1286
2	3	40	148	116	232	6384	1286
2	2	220	169	293	251	5986	1287
2	3	40	148	116	233	6460	1287
2	2	227	175	297	253	5460	1288
2	3	40	149	115	235	6450	1288
2	2	230	181	304	255	5476	1289
2	3	40	149	115	235	6450	1289
2	2	233	188	315	264	6232	1290
2	3	40	149	115	235	6450	1290
2	2	239	195	325	274	6794	1291
2	3	40	150	116	237	6612	1291
2	2	261	209	345	294	7140	1292
2	3	40	151	116	238	6612	1292
2	2	271	215	355	303	7392	1293
2	3	40	151	116	238	6612	1293
2	2	271	222	363	311	8188	1294
2	3	40	151	116	238	6612	1294
2	2	272	224	369	320	9312	1295
2	3	40	151	117	238	6699	1295
2	2	273	223	374	328	10605	1296
2	3	40	152	116	238	6536	1296
2	2	275	228	379	335	11128	1297
2	3	40	152	116	238	6536	1297
2	2	278	233	384	344	11766	1298
2	3	40	152	116	238	6536	1298
2	2	282	238	389	352	12198	1299
2	3	40	152	116	238	6536	1299
2	2	288	245	393	361	12180	1300
2	3	40	153	116	238	6460	1300
2	2	299	261	396	369	10476	1301
2	3	40	153	116	238	6460	1301
2	2	308	269	396	376	9416	1302
2	3	40	153	116	238	6460	1302
2	2	312	269	395	382	9379	1303
2	3	40	153	116	237	6384	1303
2	2	314	270	393	388	9322	1304
2	3	40	153	116	237	6384	1304
2	2	314	270	391	393	9471	1305
2	3	40	154	116	239	6460	1305
2	2	315	271	389	399	9472	1306
2	3	40	154	116	239	6460	1306
2	2	316	277	387	405	9088	1307
2	3	40	154	117	240	6622	1307
2	2	318	301	386	410	7412	1308
2	3	40	154	116	240	6536	1308
2	2	317	312	386	410	6762	1309
2	3	40	154	100	240	5160	1309
2	2	317	313	385	410	6596	1310
2	3	40	154	116	240	6536	1310
2	2	317	316	383	410	6204	1311
2	3	40	154	103	241	5481	1311
2	2	314	316	382	410	6392	1312
2	3	40	153	103	242	5607	1312
2	2	311	316	380	410	6486	1313
2	3	40	153	116	240	6612	1313
2	2	308	316	378	410	6580	1314
2	3	40	153	116	240	6612	1314
2	2	305	315	377	410	6840	1315
2	3	40	153	116	240	6612	1315
2	2	304	317	376	410	6696	1316
2	3	40	153	116	240	6612	1316
2	2	303	316	375	410	6768	1317
2	3	40	153	116	240	6612	1317
2	2	303	317	373	410	6510	1318
2	3	40	151	116	243	6992	1318
2	2	313	351	372	410	3481	1319
2	3	40	151	116	243	6992	1319
2	2	304	322	370	410	5808	1320
2	3	40	149	103	240	5733	1320
2	2	304	325	367	410	5355	1321
2	3	40	148	101	243	5795	1321
2	2	304	327	364	410	4980	1322
2	3	40	147	101	242	5795	1322
2	2	307	330	361	410	4320	1323
2	3	40	146	101	241	5795	1323
2	2	308	358	358	410	2600	1324
2	3	40	144	101	240	5856	1324
2	2	308	363	356	410	2256	1325
2	3	40	143	101	241	5978	1325
2	2	308	370	353	410	1800	1326
2	3	40	143	101	241	5978	1326
2	2	308	372	351	410	1634	1327
2	3	40	140	101	240	6100	1327
2	2	40	138	101	240	6222	1328
2	3	40	140	101	240	6100	1328
2	2	40	137	101	240	6283	1329
2	3	40	140	101	240	6100	1329
2	2	40	135	102	240	6510	1330
2	3	40	140	101	240	6100	1330
2	2	40	135	103	240	6615	1331
2	3	40	140	101	240	6100	1331
2	2	40	133	106	240	7062	1332
2	3	40	140	101	240	6100	1332
2	2	40	200	93	240	2120	1333
2	3	40	140	101	240	6100	1333
2	2	40	200	93	238	2014	1334
2	3	40	140	101	240	6100	1334
2	2	40	200	93	240	2120	1335
2	3	40	140	101	240	6100	1335
2	2	40	200	93	240	2120	1336
2	3	40	200	93	240	2120	1336
2	2	40	200	93	240	2120	1337
2	3	40	200	93	240	2120	1337
2	2	40	200	93	240	2120	1338
2	3	40	200	93	240	2120	1338
2	2	40	200	93	240	2120	1339
2	3	40	200	93	240	2120	1339
2	2	40	200	93	240	2120	1340
2	3	40	200	93	240	2120	1340
2	2	40	200	93	240	2120	1341
2	3	53	119	100	187	3196	1341
2	2	40	200	93	240	2120	1342
2	3	40	200	93	239	2067	1342
2	2	40	200	93	240	2120	1343
2	3	40	200	93	239	2067	1343
2	2	58	120	109	174	2754	1344
2	3	40	200	93	239	2067	1344
2	2	40	200	93	240	2120	1345
2	3	40	200	93	239	2067	1345
2	2	40	200	93	240	2120	1346
2	3	40	200	93	240	2120	1346
2	2	40	200	93	238	2014	1347
2	3	40	200	93	240	2120	1347
2	2	40	200	93	240	2120	1348
2	3	58	120	111	178	3074	1348
2	2	40	120	111	239	8449	1349
2	3	58	120	111	178	3074	1349
2	2	40	200	93	240	2120	1350
2	3	58	120	111	178	3074	1350
2	2	40	200	93	240	2120	1351
2	3	58	120	111	178	3074	1351
2	2	58	121	111	179	3074	1352
2	3	40	200	93	238	2014	1352
2	2	58	121	111	181	3180	1353
2	3	40	200	93	238	2014	1353
2	2	40	200	93	240	2120	1354
2	3	57	122	111	183	3294	1354
2	2	57	122	111	182	3240	1355
2	3	40	200	93	240	2120	1355
2	2	40	122	111	240	8378	1356
2	3	40	200	93	240	2120	1356
2	2	57	123	111	183	3240	1357
2	3	40	200	93	239	2067	1357
2	2	40	123	111	240	8307	1358
2	3	40	200	93	239	2067	1358
2	2	40	123	111	240	8307	1359
2	3	40	123	111	240	8307	1359
2	2	40	123	111	240	8307	1360
2	3	40	123	111	240	8307	1360
2	2	40	200	93	239	2067	1361
2	3	40	123	111	240	8307	1361
2	2	40	124	112	239	8280	1362
2	3	40	123	111	240	8307	1362
2	2	57	124	113	172	2688	1363
2	3	40	123	111	240	8307	1363
2	2	57	124	114	169	2565	1364
2	3	40	123	111	240	8307	1364
2	2	57	123	115	166	2494	1365
2	3	40	123	111	240	8307	1365
2	2	57	123	115	166	2494	1366
2	3	57	123	117	165	2520	1366
2	2	58	123	116	164	2378	1367
2	3	57	123	117	165	2520	1367
2	2	58	122	116	163	2378	1368
2	3	57	123	117	165	2520	1368
2	2	58	121	116	163	2436	1369
2	3	57	123	117	165	2520	1369
2	2	59	120	116	163	2451	1370
2	3	57	123	117	165	2520	1370
2	2	59	120	116	164	2508	1371
2	3	57	123	117	165	2520	1371
2	2	59	120	116	164	2508	1372
2	3	59	120	117	164	2552	1372
2	2	59	120	116	164	2508	1373
2	3	59	120	117	164	2552	1373
2	2	60	119	117	163	2508	1374
2	3	59	120	117	164	2552	1374
2	2	60	119	117	163	2508	1375
2	3	60	119	117	162	2451	1375
2	2	59	119	116	163	2508	1376
2	3	60	119	117	162	2451	1376
2	2	59	119	116	163	2508	1377
2	3	59	119	116	161	2394	1377
2	2	40	211	92	248	1924	1378
2	3	59	119	116	161	2394	1378
2	2	40	211	92	248	1924	1379
2	3	40	211	92	248	1924	1379
2	2	58	120	116	179	3422	1380
2	3	40	211	92	248	1924	1380
2	2	40	212	92	249	1924	1381
2	3	40	211	92	248	1924	1381
2	2	57	122	116	181	3481	1382
2	3	40	211	92	248	1924	1382
2	2	40	212	92	249	1924	1383
2	3	57	122	116	179	3363	1383
2	2	40	212	92	249	1924	1384
2	3	40	212	92	249	1924	1384
2	2	40	212	92	249	1924	1385
2	3	40	212	92	249	1924	1385
2	2	40	212	92	249	1924	1386
2	3	40	212	92	249	1924	1386
2	2	40	212	92	249	1924	1387
2	3	40	212	92	249	1924	1387
2	2	40	212	92	249	1924	1388
2	3	40	212	92	249	1924	1388
2	2	40	212	92	249	1924	1389
2	3	40	212	92	249	1924	1389
2	2	40	212	92	249	1924	1390
2	3	40	212	92	249	1924	1390
2	2	40	212	92	249	1924	1391
2	3	40	212	92	249	1924	1391
2	2	40	212	92	249	1924	1392
2	3	40	212	92	249	1924	1392
2	2	40	212	92	249	1924	1393
2	3	40	212	92	249	1924	1393
2	2	40	212	92	249	1924	1394
2	3	40	212	92	249	1924	1394
2	2	40	212	92	249	1924	1395
2	3	40	212	92	249	1924	1395
2	2	40	212	92	249	1924	1396
2	3	40	212	92	249	1924	1396
2	2	40	212	92	255	2236	1397
2	3	40	212	92	249	1924	1397
2	2	49	135	106	178	2451	1398
2	3	40	212	92	249	1924	1398
2	2	40	212	92	255	2236	1399
2	3	40	212	92	249	1924	1399
2	2	40	212	92	255	2236	1400
2	3	40	212	92	255	2236	1400
2	2	40	212	92	255	2236	1401
2	3	40	212	92	255	2236	1401
2	2	40	212	92	255	2236	1402
2	3	40	212	92	255	2236	1402
2	2	40	212	92	255	2236	1403
2	3	40	212	92	255	2236	1403
2	2	40	212	92	255	2236	1404
2	3	40	212	92	255	2236	1404
2	2	47	140	105	181	2378	1405
2	3	40	212	92	255	2236	1405
2	2	40	213	92	253	2080	1406
2	3	40	212	92	255	2236	1406
2	2	47	140	103	180	2240	1407
2	3	40	212	92	255	2236	1407
2	2	46	140	103	182	2394	1408
2	3	40	212	92	255	2236	1408
2	2	46	140	103	181	2337	1409
2	3	40	212	92	255	2236	1409
2	2	46	141	103	183	2394	1410
2	3	40	212	92	255	2236	1410
2	2	46	140	103	181	2337	1411
2	3	40	212	92	255	2236	1411
2	2	47	140	103	182	2352	1412
2	3	40	212	92	255	2236	1412
2	2	47	140	103	182	2352	1413
2	3	47	140	103	182	2352	1413
2	2	47	140	103	182	2352	1414
2	3	47	140	103	182	2352	1414
2	2	47	140	103	181	2296	1415
2	3	47	140	103	182	2352	1415
2	2	47	140	103	181	2296	1416
2	3	47	140	103	182	2352	1416
2	2	47	140	103	181	2296	1417
2	3	47	140	103	182	2352	1417
2	2	47	140	103	181	2296	1418
2	3	47	140	103	182	2352	1418
2	2	47	140	103	181	2296	1419
2	3	47	140	103	182	2352	1419
2	2	47	140	103	181	2296	1420
2	3	47	140	103	182	2352	1420
2	2	47	140	103	181	2296	1421
2	3	47	140	103	182	2352	1421
2	2	47	140	103	181	2296	1422
2	3	47	140	103	182	2352	1422
2	2	47	140	103	181	2296	1423
2	3	47	140	103	182	2352	1423
2	2	47	140	103	181	2296	1424
2	3	47	140	103	182	2352	1424
2	2	47	140	103	181	2296	1425
2	3	47	140	103	182	2352	1425
2	2	47	140	103	181	2296	1426
2	3	47	140	103	182	2352	1426
2	2	47	140	103	181	2296	1427
2	3	47	140	103	182	2352	1427
2	2	47	140	103	181	2296	1428
2	3	47	140	103	182	2352	1428
2	2	47	140	103	181	2296	1429
2	3	47	140	103	182	2352	1429
2	2	47	140	103	181	2296	1430
2	3	47	140	103	182	2352	1430
2	2	47	140	103	181	2296	1431
2	3	47	140	103	182	2352	1431
2	2	47	140	103	181	2296	1432
2	3	47	140	103	182	2352	1432
2	2	47	140	103	181	2296	1433
2	3	47	140	103	182	2352	1433
2	2	47	140	103	181	2296	1434
2	3	47	140	103	182	2352	1434
2	2	47	140	103	181	2296	1435
2	3	47	140	103	182	2352	1435
2	2	40	214	85	253	1755	1436
2	3	47	140	103	182	2352	1436
2	2	40	214	85	253	1755	1437
2	3	40	214	86	253	1794	1437
2	2	40	214	85	253	1755	1438
2	3	40	214	86	253	1794	1438
2	2	40	214	85	253	1755	1439
2	3	40	214	86	253	1794	1439
2	2	40	215	86	254	1794	1440
2	3	40	214	86	253	1794	1440
2	2	40	215	87	254	1833	1441
2	3	40	214	86	253	1794	1441
2	2	40	215	92	254	2028	1442
2	3	40	214	86	253	1794	1442
2	2	40	216	87	255	1833	1443
2	3	40	214	86	253	1794	1443
2	2	40	217	86	256	1794	1444
2	3	40	214	86	253	1794	1444
2	2	40	218	86	257	1794	1445
2	3	40	214	86	253	1794	1445
2	2	40	220	86	259	1794	1446
2	3	40	214	86	253	1794	1446
2	2	40	221	86	260	1794	1447
2	3	40	214	86	253	1794	1447
2	2	47	139	103	180	2296	1448
2	3	40	214	86	253	1794	1448
2	2	47	139	103	180	2296	1449
2	3	47	139	102	181	2310	1449
2	2	47	139	103	180	2296	1450
2	3	47	139	102	181	2310	1450
2	2	47	139	103	180	2296	1451
2	3	47	139	102	181	2310	1451
2	2	47	139	103	180	2296	1452
2	3	47	139	102	181	2310	1452
2	2	47	139	103	180	2296	1453
2	3	47	139	102	181	2310	1453
2	2	47	139	103	180	2296	1454
2	3	47	139	102	181	2310	1454
2	2	47	139	103	180	2296	1455
2	3	47	139	102	181	2310	1455
2	2	47	139	103	180	2296	1456
2	3	47	139	102	181	2310	1456
2	2	47	139	103	180	2296	1457
2	3	47	139	102	181	2310	1457
2	2	47	139	103	180	2296	1458
2	3	47	139	102	181	2310	1458
2	2	47	139	103	180	2296	1459
2	3	47	139	102	181	2310	1459
2	2	47	139	103	180	2296	1460
2	3	47	139	102	181	2310	1460
2	2	47	139	102	180	2255	1461
2	3	47	139	102	181	2310	1461
2	2	40	249	86	287	1748	1462
2	3	47	139	102	181	2310	1462
2	2	40	251	86	288	1702	1463
2	3	47	139	102	181	2310	1463
2	2	40	252	86	289	1702	1464
2	3	47	139	102	181	2310	1464
2	2	40	253	86	290	1702	1465
2	3	47	139	102	181	2310	1465
2	2	40	254	87	290	1692	1466
2	3	47	139	102	181	2310	1466
2	2	40	256	86	291	1610	1467
2	3	47	139	102	181	2310	1467
2	2	40	257	87	292	1645	1468
2	3	47	139	102	181	2310	1468
2	2	40	259	87	293	1598	1469
2	3	47	139	102	181	2310	1469
2	2	40	260	86	294	1564	1470
2	3	47	139	102	181	2310	1470
2	2	40	262	86	295	1518	1471
2	3	47	139	102	181	2310	1471
2	2	40	262	86	295	1518	1472
2	3	47	139	102	181	2310	1472
2	2	40	256	88	297	1968	1473
2	3	47	139	102	181	2310	1473
2	2	47	139	102	180	2255	1474
2	3	47	139	102	181	2310	1474
2	2	40	258	88	299	1968	1475
2	3	47	139	102	181	2310	1475
2	2	47	139	102	180	2255	1476
2	3	47	139	102	181	2310	1476
2	2	47	139	102	180	2255	1477
2	3	47	139	102	181	2310	1477
2	2	47	139	102	180	2255	1478
2	3	47	139	102	181	2310	1478
2	2	47	139	102	180	2255	1479
2	3	47	139	102	181	2310	1479
2	2	47	139	102	180	2255	1480
2	3	47	139	102	181	2310	1480
2	2	47	139	102	180	2255	1481
2	3	47	139	102	181	2310	1481
2	2	47	139	103	180	2296	1482
2	3	47	139	102	181	2310	1482
2	2	47	139	103	180	2296	1483
2	3	48	138	102	179	2214	1483
2	2	47	139	103	180	2296	1484
2	3	48	138	102	179	2214	1484
2	2	48	137	103	178	2255	1485
2	3	48	138	102	179	2214	1485
2	2	48	137	103	178	2255	1486
2	3	49	137	102	178	2173	1486
2	2	48	137	103	178	2255	1487
2	3	49	137	102	178	2173	1487
2	2	49	135	103	177	2268	1488
2	3	49	137	102	178	2173	1488
2	2	49	135	103	177	2268	1489
2	3	49	135	103	178	2322	1489
2	2	49	134	103	177	2322	1490
2	3	49	135	103	178	2322	1490
2	2	49	134	103	177	2322	1491
2	3	49	134	103	176	2268	1491
2	2	40	269	89	312	2107	1492
2	3	49	134	103	176	2268	1492
2	2	40	269	89	312	2107	1493
2	3	40	269	89	312	2107	1493
2	2	40	269	89	312	2107	1494
2	3	40	269	89	312	2107	1494
2	2	40	269	89	312	2107	1495
2	3	40	269	89	312	2107	1495
2	2	40	269	89	312	2107	1496
2	3	40	269	89	312	2107	1496
2	2	40	269	89	312	2107	1497
2	3	40	269	89	312	2107	1497
2	2	40	269	89	312	2107	1498
2	3	40	269	89	312	2107	1498
2	2	40	270	89	312	2058	1499
2	3	40	269	89	312	2107	1499
2	2	40	269	89	312	2107	1500
2	3	40	269	89	312	2107	1500
2	2	40	269	89	312	2107	1501
2	3	40	269	89	312	2107	1501
2	2	40	269	89	312	2107	1502
2	3	40	269	89	312	2107	1502
2	2	40	269	89	312	2107	1503
2	3	40	269	89	312	2107	1503
2	2	40	269	89	312	2107	1504
2	3	40	269	89	312	2107	1504
2	2	40	269	89	312	2107	1505
2	3	40	269	89	312	2107	1505
2	2	40	269	89	312	2107	1506
2	3	40	269	89	312	2107	1506
2	2	40	269	89	312	2107	1507
2	3	40	269	89	312	2107	1507
2	2	40	269	89	312	2107	1508
2	3	40	269	89	312	2107	1508
2	2	40	269	89	312	2107	1509
2	3	40	269	89	312	2107	1509
2	2	40	269	89	312	2107	1510
2	3	40	269	89	312	2107	1510
2	2	46	145	102	182	2072	1511
2	3	40	269	89	312	2107	1511
2	2	46	145	102	182	2072	1512
2	3	46	146	101	183	2035	1512
2	2	46	147	101	184	2035	1513
2	3	46	146	101	183	2035	1513
2	2	45	147	101	182	1960	1514
2	3	46	146	101	183	2035	1514
2	2	45	148	100	185	2035	1515
2	3	46	146	101	183	2035	1515
2	2	45	148	100	185	2035	1516
2	3	45	149	100	186	2035	1516
2	2	44	150	100	187	2072	1517
2	3	45	149	100	186	2035	1517
2	2	45	150	100	190	2200	1518
2	3	45	149	100	186	2035	1518
2	2	40	269	89	312	2107	1519
2	3	45	149	100	186	2035	1519
2	2	40	269	89	312	2107	1520
2	3	40	269	89	311	2058	1520
2	2	43	153	100	192	2223	1521
2	3	40	269	89	311	2058	1521
2	2	43	154	100	191	2109	1522
2	3	40	269	89	311	2058	1522
2	2	43	154	100	191	2109	1523
2	3	43	155	100	192	2109	1523
2	2	43	156	100	192	2052	1524
2	3	43	155	100	192	2109	1524
2	2	43	157	100	192	1995	1525
2	3	43	155	100	192	2109	1525
2	2	42	157	100	192	2030	1526
2	3	43	155	100	192	2109	1526
2	2	41	158	100	192	2006	1527
2	3	43	155	100	192	2109	1527
2	2	40	269	89	311	2058	1528
2	3	43	155	100	192	2109	1528
2	2	40	269	89	311	2058	1529
2	3	43	155	100	192	2109	1529
2	2	40	269	89	311	2058	1530
2	3	40	270	89	311	2009	1530
2	2	40	269	89	311	2058	1531
2	3	40	270	89	311	2009	1531
2	2	40	269	89	311	2058	1532
2	3	40	270	89	311	2009	1532
2	2	40	269	89	311	2058	1533
2	3	40	270	89	311	2009	1533
2	2	40	269	89	311	2058	1534
2	3	40	270	89	311	2009	1534
2	2	40	269	89	310	2009	1535
2	3	40	270	89	311	2009	1535
2	2	40	269	89	310	2009	1536
2	3	40	269	89	310	2009	1536
2	2	40	269	89	310	2009	1537
2	3	40	269	89	310	2009	1537
2	2	40	267	89	309	2058	1538
2	3	40	269	89	310	2009	1538
2	2	40	267	89	309	2058	1539
2	3	40	268	89	309	2009	1539
2	2	40	268	89	309	2009	1540
2	3	40	268	89	309	2009	1540
2	2	40	267	89	308	2009	1541
2	3	40	268	89	309	2009	1541
2	2	40	267	89	308	2009	1542
2	3	40	267	89	308	2009	1542
2	2	40	266	89	307	2009	1543
2	3	40	267	89	308	2009	1543
2	2	40	266	89	306	1960	1544
2	3	40	267	89	308	2009	1544
2	2	40	265	89	305	1960	1545
2	3	40	267	89	308	2009	1545
2	2	40	265	89	305	1960	1546
2	3	40	266	89	305	1911	1546
2	2	40	265	89	304	1911	1547
2	3	40	266	89	305	1911	1547
2	2	40	265	89	304	1911	1548
2	3	40	263	89	303	1960	1548
2	2	40	264	89	303	1911	1549
2	3	40	263	89	303	1960	1549
2	2	40	264	89	303	1911	1550
2	3	40	263	88	302	1872	1550
2	2	40	263	88	301	1824	1551
2	3	40	263	88	302	1872	1551
2	2	40	263	88	301	1824	1552
2	3	40	261	88	300	1872	1552
2	2	40	262	89	300	1862	1553
2	3	40	261	88	300	1872	1553
2	2	40	262	89	300	1862	1554
2	3	40	263	89	299	1764	1554
2	2	40	263	96	299	2016	1555
2	3	40	263	89	299	1764	1555
2	2	40	260	88	298	1824	1556
2	3	40	263	89	299	1764	1556
2	2	40	263	91	297	1734	1557
2	3	40	263	89	299	1764	1557
2	2	40	262	88	296	1632	1558
2	3	40	263	89	299	1764	1558
2	2	40	259	89	296	1813	1559
2	3	40	263	89	299	1764	1559
2	2	40	258	88	295	1776	1560
2	3	40	263	89	299	1764	1560
2	2	40	257	88	293	1728	1561
2	3	40	263	89	299	1764	1561
2	2	40	257	88	292	1680	1562
2	3	40	263	89	299	1764	1562
2	2	40	256	88	290	1632	1563
2	3	40	263	89	299	1764	1563
2	2	40	255	88	288	1584	1564
2	3	40	263	89	299	1764	1564
2	2	40	256	88	287	1488	1565
2	3	40	263	89	299	1764	1565
2	2	40	256	87	285	1363	1566
2	3	40	263	89	299	1764	1566
2	2	40	255	87	284	1363	1567
2	3	40	263	89	299	1764	1567
2	2	40	253	87	283	1410	1568
2	3	40	263	89	299	1764	1568
2	2	40	251	99	281	1770	1569
2	3	40	263	89	299	1764	1569
2	2	40	250	86	279	1334	1570
2	3	40	263	89	299	1764	1570
2	2	40	248	86	278	1380	1571
2	3	40	263	89	299	1764	1571
2	2	40	246	86	276	1380	1572
2	3	40	263	89	299	1764	1572
2	2	40	245	86	274	1334	1573
2	3	40	263	89	299	1764	1573
2	2	40	243	86	272	1334	1574
2	3	40	263	89	299	1764	1574
2	2	40	241	86	269	1288	1575
2	3	40	263	89	299	1764	1575
2	2	40	238	85	266	1260	1576
2	3	40	263	89	299	1764	1576
2	2	40	235	85	263	1260	1577
2	3	40	263	89	299	1764	1577
2	2	40	233	86	261	1288	1578
2	3	40	263	89	299	1764	1578
2	2	40	230	86	258	1288	1579
2	3	40	263	89	299	1764	1579
2	2	40	229	86	255	1196	1580
2	3	40	263	89	299	1764	1580
2	2	40	159	96	253	5264	1581
2	3	40	263	89	299	1764	1581
2	2	40	159	96	251	5152	1582
2	3	40	263	89	299	1764	1582
2	2	40	159	97	249	5130	1583
2	3	40	263	89	299	1764	1583
2	2	40	159	96	246	4872	1584
2	3	40	263	89	299	1764	1584
2	2	40	159	96	244	4760	1585
2	3	40	263	89	299	1764	1585
2	2	40	159	96	240	4536	1586
2	3	40	263	89	299	1764	1586
2	2	40	159	96	233	4144	1587
2	3	40	263	89	299	1764	1587
2	2	40	159	96	228	3864	1588
2	3	40	263	89	299	1764	1588
2	2	40	159	96	225	3696	1589
2	3	40	263	89	299	1764	1589
2	2	40	159	96	221	3472	1590
2	3	40	263	89	299	1764	1590
2	2	40	159	96	219	3360	1591
2	3	40	263	89	299	1764	1591
2	2	40	159	97	217	3306	1592
2	3	40	263	89	299	1764	1592
2	2	40	159	96	215	3136	1593
2	3	40	263	89	299	1764	1593
2	2	43	160	91	209	2352	1594
2	3	40	263	89	299	1764	1594
2	2	40	159	95	211	2860	1595
2	3	40	263	89	299	1764	1595
2	2	40	159	95	210	2805	1596
2	3	40	263	89	299	1764	1596
2	2	40	159	113	220	4453	1597
2	3	40	263	89	299	1764	1597
2	2	40	159	113	218	4307	1598
2	3	40	263	89	299	1764	1598
2	2	40	159	113	214	4015	1599
2	3	40	263	89	299	1764	1599
2	2	40	158	113	210	3796	1600
2	3	40	263	89	299	1764	1600
2	2	40	155	113	205	3650	1601
2	3	40	263	89	299	1764	1601
2	2	40	152	115	204	3900	1602
2	3	40	263	89	299	1764	1602
2	2	40	150	116	203	4028	1603
2	3	40	263	89	299	1764	1603
2	2	41	147	116	203	4200	1604
2	3	40	263	89	299	1764	1604
2	2	41	144	116	202	4350	1605
2	3	40	263	89	299	1764	1605
2	2	41	142	116	201	4425	1606
2	3	40	263	89	299	1764	1606
2	2	41	139	116	200	4575	1607
2	3	40	263	89	299	1764	1607
2	2	40	136	116	199	4788	1608
2	3	40	263	89	299	1764	1608
2	2	40	133	116	199	5016	1609
2	3	40	263	89	299	1764	1609
2	2	40	130	115	199	5175	1610
2	3	40	263	89	299	1764	1610
2	2	41	128	107	199	4686	1611
2	3	40	263	89	299	1764	1611
2	2	40	125	102	201	4712	1612
2	3	40	263	89	299	1764	1612
2	2	40	123	103	199	4788	1613
2	3	40	263	89	299	1764	1613
2	2	40	120	104	199	5056	1614
2	3	40	263	89	299	1764	1614
2	2	40	120	104	199	5056	1615
2	3	40	118	104	199	5184	1615
2	2	40	116	105	199	5395	1616
2	3	40	118	104	199	5184	1616
2	2	40	114	106	199	5610	1617
2	3	40	118	104	199	5184	1617
2	2	40	111	106	199	5808	1618
2	3	40	118	104	199	5184	1618
2	2	40	109	107	199	6030	1619
2	3	40	118	104	199	5184	1619
2	2	40	106	108	199	6324	1620
2	3	40	118	104	199	5184	1620
2	2	40	104	108	200	6528	1621
2	3	40	118	104	199	5184	1621
2	2	40	102	108	199	6596	1622
2	3	40	118	104	199	5184	1622
2	2	63	101	109	138	1702	1623
2	3	40	118	104	199	5184	1623
2	2	63	99	109	136	1702	1624
2	3	40	118	104	199	5184	1624
2	2	64	98	109	132	1530	1625
2	3	40	118	104	199	5184	1625
2	2	65	97	110	132	1575	1626
2	3	40	118	104	199	5184	1626
2	2	40	95	125	199	8840	1627
2	3	40	118	104	199	5184	1627
2	2	67	94	125	136	2436	1628
2	3	40	118	104	199	5184	1628
2	2	68	92	125	135	2451	1629
2	3	40	118	104	199	5184	1629
2	2	69	91	125	134	2408	1630
2	3	40	118	104	199	5184	1630
2	2	70	90	125	130	2200	1631
2	3	40	118	104	199	5184	1631
2	2	70	89	113	125	1548	1632
2	3	40	118	104	199	5184	1632
2	2	71	88	126	124	1980	1633
2	3	40	118	104	199	5184	1633
2	2	71	87	126	134	2585	1634
2	3	40	118	104	199	5184	1634
2	2	71	86	116	124	1710	1635
2	3	40	118	104	199	5184	1635
2	2	72	85	117	123	1710	1636
2	3	40	118	104	199	5184	1636
2	2	72	85	117	123	1710	1637
2	3	72	84	118	124	1840	1637
2	2	73	83	118	123	1800	1638
2	3	72	84	118	124	1840	1638
2	2	73	82	118	123	1845	1639
2	3	72	84	118	124	1840	1639
2	2	74	81	119	121	1800	1640
2	3	72	84	118	124	1840	1640
2	2	75	80	119	121	1804	1641
2	3	72	84	118	124	1840	1641
2	2	76	80	130	120	2160	1642
2	3	72	84	118	124	1840	1642
2	2	76	79	129	120	2173	1643
2	3	72	84	118	124	1840	1643
2	2	41	160	96	199	2145	1644
2	3	72	84	118	124	1840	1644
2	2	77	77	130	118	2173	1645
2	3	72	84	118	124	1840	1645
2	2	41	160	95	199	2106	1646
2	3	72	84	118	124	1840	1646
2	2	41	160	95	199	2106	1647
2	3	41	160	96	199	2145	1647
2	2	41	160	95	199	2106	1648
2	3	41	160	96	199	2145	1648
2	2	41	160	95	199	2106	1649
2	3	41	160	96	199	2145	1649
2	2	41	160	95	199	2106	1650
2	3	41	160	96	199	2145	1650
2	2	41	160	95	199	2106	1651
2	3	41	160	96	199	2145	1651
2	2	41	160	95	199	2106	1652
2	3	41	160	96	199	2145	1652
2	2	41	161	95	199	2052	1653
2	3	41	160	96	199	2145	1653
2	2	41	161	95	199	2052	1654
2	3	41	161	95	199	2052	1654
2	2	41	161	95	199	2052	1655
2	3	41	161	95	199	2052	1655
2	2	41	161	95	199	2052	1656
2	3	41	161	95	199	2052	1656
2	2	41	161	95	199	2052	1657
2	3	41	161	95	199	2052	1657
2	2	41	161	95	199	2052	1658
2	3	41	161	95	199	2052	1658
2	2	41	161	95	199	2052	1659
2	3	41	161	95	199	2052	1659
2	2	41	162	95	200	2052	1660
2	3	41	161	95	199	2052	1660
2	2	40	162	95	199	2035	1661
2	3	41	161	95	199	2052	1661
2	2	40	163	95	199	1980	1662
2	3	41	161	95	199	2052	1662
2	2	40	163	95	199	1980	1663
2	3	40	163	95	199	1980	1663
2	2	40	163	95	199	1980	1664
2	3	40	163	95	199	1980	1664
2	2	40	164	95	200	1980	1665
2	3	40	163	95	199	1980	1665
2	2	40	164	95	200	1980	1666
2	3	40	164	95	200	1980	1666
2	2	40	165	95	200	1925	1667
2	3	40	164	95	200	1980	1667
2	2	40	165	95	200	1925	1668
2	3	40	165	95	202	2035	1668
2	2	40	165	95	200	1925	1669
2	3	40	165	95	202	2035	1669
2	2	40	165	95	203	2090	1670
2	3	40	165	95	202	2035	1670
2	2	40	166	95	203	2035	1671
2	3	40	165	95	202	2035	1671
2	2	40	167	95	205	2090	1672
2	3	40	165	95	202	2035	1672
2	2	40	167	95	205	2090	1673
2	3	40	167	96	205	2128	1673
2	2	40	167	95	205	2090	1674
2	3	40	167	96	205	2128	1674
2	2	40	167	95	205	2090	1675
2	3	40	167	96	205	2128	1675
2	2	40	169	95	205	1980	1676
2	3	40	167	96	205	2128	1676
2	2	40	169	95	205	1980	1677
2	3	40	169	96	206	2072	1677
2	2	40	169	95	205	1980	1678
2	3	40	169	96	206	2072	1678
2	2	40	169	95	206	2035	1679
2	3	40	169	96	206	2072	1679
2	2	40	169	95	206	2035	1680
2	3	40	170	95	205	1925	1680
2	2	40	169	95	206	2035	1681
2	3	40	170	95	205	1925	1681
2	2	40	169	95	206	2035	1682
2	3	40	170	95	205	1925	1682
2	2	40	169	95	206	2035	1683
2	3	40	170	95	205	1925	1683
2	2	40	169	95	206	2035	1684
2	3	40	170	95	205	1925	1684
2	2	40	169	95	205	1980	1685
2	3	40	170	95	205	1925	1685
2	2	40	169	95	205	1980	1686
2	3	40	169	95	205	1980	1686
2	2	40	169	95	205	1980	1687
2	3	40	169	95	205	1980	1687
2	2	40	169	95	205	1980	1688
2	3	40	169	95	205	1980	1688
2	2	40	169	95	205	1980	1689
2	3	40	169	95	205	1980	1689
2	2	40	169	95	205	1980	1690
2	3	40	169	95	205	1980	1690
2	2	40	169	95	205	1980	1691
2	3	40	169	95	205	1980	1691
2	2	40	169	95	205	1980	1692
2	3	40	169	95	205	1980	1692
2	2	40	169	95	205	1980	1693
2	3	40	169	95	205	1980	1693
2	2	40	169	95	205	1980	1694
2	3	40	169	95	205	1980	1694
2	2	40	169	95	204	1925	1695
2	3	40	169	95	205	1980	1695
2	2	40	169	95	205	1980	1696
2	3	40	169	95	205	1980	1696
2	2	40	169	95	205	1980	1697
2	3	40	169	95	205	1980	1697
2	2	40	169	95	205	1980	1698
2	3	40	169	95	205	1980	1698
2	2	40	169	95	205	1980	1699
2	3	40	169	95	205	1980	1699
2	2	40	169	95	205	1980	1700
2	3	40	169	95	205	1980	1700
2	2	40	169	95	205	1980	1701
2	3	40	169	95	205	1980	1701
2	2	40	169	95	205	1980	1702
2	3	40	169	95	205	1980	1702
2	2	40	169	95	205	1980	1703
2	3	40	169	95	204	1925	1703
2	2	40	169	95	205	1980	1704
2	3	40	169	95	204	1925	1704
2	2	40	169	95	205	1980	1705
2	3	40	169	95	204	1925	1705
2	2	40	169	95	204	1925	1706
2	3	40	169	95	204	1925	1706
2	2	40	169	95	204	1925	1707
2	3	40	169	95	204	1925	1707
2	2	40	169	95	204	1925	1708
2	3	40	169	95	204	1925	1708
2	2	40	169	95	204	1925	1709
2	3	40	169	95	204	1925	1709
2	2	40	169	95	204	1925	1710
2	3	40	169	95	204	1925	1710
2	2	40	169	95	204	1925	1711
2	3	40	169	95	204	1925	1711
2	2	40	169	95	204	1925	1712
2	3	40	169	95	204	1925	1712
2	2	40	169	95	204	1925	1713
2	3	40	169	95	204	1925	1713
2	2	40	169	95	204	1925	1714
2	3	40	169	95	204	1925	1714
2	2	40	169	95	204	1925	1715
2	3	40	169	95	204	1925	1715
2	2	40	169	95	204	1925	1716
2	3	40	169	95	204	1925	1716
2	2	40	169	95	204	1925	1717
2	3	40	169	95	204	1925	1717
2	2	40	169	95	204	1925	1718
2	3	40	169	95	204	1925	1718
2	2	40	169	95	204	1925	1719
2	3	40	169	95	204	1925	1719
2	2	40	169	95	204	1925	1720
2	3	40	169	95	204	1925	1720
2	2	40	169	95	204	1925	1721
2	3	40	169	95	204	1925	1721
2	2	40	169	95	204	1925	1722
2	3	40	169	95	204	1925	1722
2	2	40	169	95	204	1925	1723
2	3	40	169	95	204	1925	1723
2	2	40	169	95	204	1925	1724
2	3	40	169	95	204	1925	1724
2	2	40	169	95	204	1925	1725
2	3	40	169	95	204	1925	1725
2	2	40	169	95	204	1925	1726
2	3	40	169	95	204	1925	1726
2	2	40	169	95	204	1925	1727
2	3	40	169	95	204	1925	1727
2	2	40	169	95	205	1980	1728
2	3	40	169	95	204	1925	1728
2	2	40	169	95	204	1925	1729
2	3	40	169	95	204	1925	1729
2	2	40	169	95	204	1925	1730
2	3	40	169	95	204	1925	1730
2	2	40	169	95	204	1925	1731
2	3	40	169	95	204	1925	1731
2	2	40	169	95	205	1980	1732
2	3	40	169	95	204	1925	1732
2	2	40	169	95	205	1980	1733
2	3	40	169	95	204	1925	1733
2	2	40	169	95	205	1980	1734
2	3	40	169	95	204	1925	1734
2	2	40	169	95	205	1980	1735
2	3	40	169	95	204	1925	1735
2	2	40	169	95	205	1980	1736
2	3	40	169	95	204	1925	1736
2	2	40	169	95	205	1980	1737
2	3	40	169	95	204	1925	1737
2	2	40	169	95	205	1980	1738
2	3	40	169	95	204	1925	1738
2	2	40	169	95	205	1980	1739
2	3	40	169	95	204	1925	1739
2	2	40	169	95	205	1980	1740
2	3	40	169	95	204	1925	1740
2	2	40	168	95	202	1870	1741
2	3	40	169	95	204	1925	1741
2	2	40	168	95	205	2035	1742
2	3	40	169	95	204	1925	1742
2	2	40	168	95	205	2035	1743
2	3	40	169	95	204	1925	1743
2	2	40	168	95	205	2035	1744
2	3	40	169	95	204	1925	1744
2	2	40	168	95	205	2035	1745
2	3	40	169	95	204	1925	1745
2	2	40	168	95	205	2035	1746
2	3	40	169	95	204	1925	1746
2	2	40	168	95	205	2035	1747
2	3	40	169	95	204	1925	1747
2	2	40	168	95	205	2035	1748
2	3	40	169	95	204	1925	1748
2	2	40	168	95	205	2035	1749
2	3	40	169	95	204	1925	1749
2	2	40	167	95	204	2035	1750
2	3	40	169	95	204	1925	1750
2	2	40	168	95	205	2035	1751
2	3	40	169	95	204	1925	1751
2	2	40	168	95	205	2035	1752
2	3	40	169	95	204	1925	1752
2	2	40	168	95	205	2035	1753
2	3	40	169	95	204	1925	1753
2	2	40	168	95	205	2035	1754
2	3	40	169	95	204	1925	1754
2	2	40	168	95	205	2035	1755
2	3	40	169	95	204	1925	1755
2	2	40	168	95	205	2035	1756
2	3	40	169	95	204	1925	1756
2	2	40	168	95	205	2035	1757
2	3	40	169	95	204	1925	1757
2	2	40	168	95	205	2035	1758
2	3	40	169	95	204	1925	1758
2	2	40	168	95	205	2035	1759
2	3	40	169	95	204	1925	1759
2	2	40	168	95	205	2035	1760
2	3	40	169	95	204	1925	1760
2	2	40	168	95	205	2035	1761
2	3	40	169	95	204	1925	1761
2	2	40	168	95	205	2035	1762
2	3	40	169	95	204	1925	1762
2	2	40	168	95	205	2035	1763
2	3	40	169	95	204	1925	1763
2	2	40	168	95	205	2035	1764
2	3	40	169	95	204	1925	1764
2	2	40	168	95	205	2035	1765
2	3	40	169	95	204	1925	1765
2	2	40	168	95	205	2035	1766
2	3	40	169	95	204	1925	1766
2	2	40	168	95	205	2035	1767
2	3	40	169	95	204	1925	1767
2	2	40	168	95	205	2035	1768
2	3	40	169	95	204	1925	1768
2	2	40	168	95	205	2035	1769
2	3	40	169	95	204	1925	1769
2	2	40	168	95	205	2035	1770
2	3	40	169	95	204	1925	1770
2	2	40	168	95	205	2035	1771
2	3	40	169	95	204	1925	1771
2	2	40	168	95	205	2035	1772
2	3	40	169	95	204	1925	1772
2	2	40	168	95	205	2035	1773
2	3	40	169	95	204	1925	1773
2	2	40	168	95	205	2035	1774
2	3	40	169	95	204	1925	1774
2	2	40	168	95	205	2035	1775
2	3	40	169	95	204	1925	1775
2	2	40	168	95	205	2035	1776
2	3	40	169	95	204	1925	1776
2	2	40	168	95	205	2035	1777
2	3	40	169	95	204	1925	1777
2	2	40	168	95	205	2035	1778
2	3	40	169	95	204	1925	1778
2	2	40	168	95	205	2035	1779
2	3	40	169	95	204	1925	1779
2	2	40	168	95	205	2035	1780
2	3	40	169	95	204	1925	1780
2	2	40	168	95	205	2035	1781
2	3	40	169	95	204	1925	1781
2	2	40	168	95	205	2035	1782
2	3	40	169	95	204	1925	1782
2	2	40	168	95	205	2035	1783
2	3	40	169	95	204	1925	1783
2	2	40	168	95	205	2035	1784
2	3	40	169	95	204	1925	1784
2	2	40	168	95	205	2035	1785
2	3	40	169	95	204	1925	1785
2	2	40	168	95	205	2035	1786
2	3	40	169	95	204	1925	1786
2	2	40	168	95	205	2035	1787
2	3	40	169	95	204	1925	1787
2	2	40	168	95	205	2035	1788
2	3	40	169	95	204	1925	1788
2	2	40	168	95	205	2035	1789
2	3	40	169	95	204	1925	1789
2	2	40	168	95	205	2035	1790
2	3	40	169	95	204	1925	1790
2	2	40	168	95	205	2035	1791
2	3	40	169	95	204	1925	1791
2	2	40	170	95	205	1925	1792
2	3	40	169	95	204	1925	1792
2	2	40	169	95	205	1980	1793
2	3	40	169	95	204	1925	1793
2	2	40	169	95	205	1980	1794
2	3	40	169	95	204	1925	1794
2	2	40	169	95	205	1980	1795
2	3	40	169	95	204	1925	1795
2	2	40	169	95	205	1980	1796
2	3	40	169	95	204	1925	1796
2	2	40	169	95	205	1980	1797
2	3	40	169	95	204	1925	1797
2	2	40	169	95	205	1980	1798
2	3	40	169	95	204	1925	1798
2	2	40	169	95	205	1980	1799
2	3	40	169	95	204	1925	1799
2	2	40	169	95	205	1980	1800
2	3	40	169	95	204	1925	1800
2	2	40	169	95	205	1980	1801
2	3	40	169	95	204	1925	1801
2	2	40	169	95	205	1980	1802
2	3	40	169	95	204	1925	1802
2	2	40	169	95	205	1980	1803
2	3	40	169	95	204	1925	1803
2	2	40	169	95	205	1980	1804
2	3	40	169	95	204	1925	1804
2	2	40	169	95	205	1980	1805
2	3	40	169	95	204	1925	1805
2	2	40	169	95	205	1980	1806
2	3	40	169	95	204	1925	1806
2	2	40	169	95	205	1980	1807
2	3	40	169	95	204	1925	1807
2	2	40	169	95	201	1760	1808
2	3	40	169	95	204	1925	1808
2	2	40	169	95	201	1760	1809
2	3	40	169	95	201	1760	1809
2	2	40	169	95	201	1760	1810
2	3	40	169	95	201	1760	1810
2	2	40	169	95	201	1760	1811
2	3	40	169	95	201	1760	1811
2	2	40	169	95	201	1760	1812
2	3	40	169	95	201	1760	1812
2	2	40	169	95	201	1760	1813
2	3	40	169	95	201	1760	1813
2	2	40	169	95	201	1760	1814
2	3	40	169	95	201	1760	1814
2	2	40	169	95	201	1760	1815
2	3	40	169	95	201	1760	1815
2	2	40	169	95	201	1760	1816
2	3	40	169	95	201	1760	1816
2	2	40	169	95	201	1760	1817
2	3	40	169	95	201	1760	1817
2	2	40	169	95	201	1760	1818
2	3	40	169	95	201	1760	1818
2	2	40	169	95	201	1760	1819
2	3	40	169	95	201	1760	1819
2	2	40	169	95	201	1760	1820
2	3	40	169	95	201	1760	1820
2	2	40	169	95	201	1760	1821
2	3	40	169	95	201	1760	1821
2	2	40	169	95	203	1870	1822
2	3	40	169	95	201	1760	1822
2	2	40	169	95	203	1870	1823
2	3	40	169	95	201	1760	1823
2	2	40	169	95	203	1870	1824
2	3	40	169	95	201	1760	1824
2	2	40	169	95	203	1870	1825
2	3	40	169	95	203	1870	1825
2	2	40	169	95	203	1870	1826
2	3	40	169	95	203	1870	1826
2	2	40	169	95	203	1870	1827
2	3	40	169	95	203	1870	1827
2	2	40	169	95	203	1870	1828
2	3	40	169	95	203	1870	1828
2	2	40	169	95	203	1870	1829
2	3	40	169	95	203	1870	1829
2	2	40	170	95	202	1760	1830
2	3	40	169	95	203	1870	1830
2	2	40	170	95	202	1760	1831
2	3	40	170	95	203	1815	1831
2	2	40	170	95	202	1760	1832
2	3	40	170	95	203	1815	1832
2	2	40	170	95	202	1760	1833
2	3	40	170	95	203	1815	1833
2	2	40	170	96	203	1848	1834
2	3	40	170	95	203	1815	1834
2	2	40	170	96	202	1792	1835
2	3	40	170	95	203	1815	1835
2	2	40	170	96	203	1848	1836
2	3	40	170	95	203	1815	1836
2	2	40	170	96	203	1848	1837
2	3	40	170	96	203	1848	1837
2	2	40	170	96	203	1848	1838
2	3	40	170	96	203	1848	1838
2	2	40	170	96	201	1736	1839
2	3	40	170	96	203	1848	1839
2	2	40	170	96	203	1848	1840
2	3	40	170	96	203	1848	1840
2	2	40	170	96	203	1848	1841
2	3	40	170	96	203	1848	1841
2	2	40	170	96	203	1848	1842
2	3	40	170	96	203	1848	1842
2	2	40	171	96	203	1792	1843
2	3	40	170	96	203	1848	1843
2	2	40	171	96	203	1792	1844
2	3	40	171	96	203	1792	1844
2	2	40	171	96	201	1680	1845
2	3	40	171	96	203	1792	1845
2	2	40	171	96	201	1680	1846
2	3	40	171	96	203	1792	1846
2	2	40	171	96	203	1792	1847
2	3	40	171	96	203	1792	1847
2	2	40	171	96	203	1792	1848
2	3	40	171	96	203	1792	1848
2	2	40	171	96	203	1792	1849
2	3	40	171	96	203	1792	1849
2	2	40	171	96	203	1792	1850
2	3	40	171	96	203	1792	1850
2	2	40	171	96	203	1792	1851
2	3	40	171	96	203	1792	1851
2	2	40	171	96	203	1792	1852
2	3	40	171	96	203	1792	1852
2	2	40	171	96	203	1792	1853
2	3	40	171	96	203	1792	1853
2	2	40	171	96	203	1792	1854
2	3	40	171	96	203	1792	1854
2	2	40	171	96	203	1792	1855
2	3	40	171	96	203	1792	1855
2	2	40	171	96	203	1792	1856
2	3	40	171	96	203	1792	1856
2	2	40	171	96	203	1792	1857
2	3	40	171	96	203	1792	1857
2	2	40	171	96	203	1792	1858
2	3	40	171	96	203	1792	1858
2	2	40	171	96	203	1792	1859
2	3	40	171	96	203	1792	1859
2	2	82	72	132	111	1950	1860
2	3	40	171	96	203	1792	1860
2	2	40	170	96	203	1848	1861
2	3	40	171	96	203	1792	1861
2	2	40	170	96	203	1848	1862
2	3	40	171	96	203	1792	1862
2	2	82	72	132	111	1950	1863
2	3	40	171	96	203	1792	1863
2	2	83	72	131	111	1872	1864
2	3	40	171	96	203	1792	1864
2	2	40	170	95	202	1760	1865
2	3	40	171	96	203	1792	1865
2	2	83	71	131	111	1920	1866
2	3	40	171	96	203	1792	1866
2	2	40	170	95	202	1760	1867
2	3	40	171	96	203	1792	1867
2	2	83	72	132	111	1911	1868
2	3	40	171	96	203	1792	1868
2	2	40	170	95	202	1760	1869
2	3	40	171	96	203	1792	1869
2	2	83	72	131	111	1872	1870
2	3	40	171	96	203	1792	1870
2	2	40	170	93	202	1696	1871
2	3	40	171	96	203	1792	1871
2	2	40	170	93	202	1696	1872
2	3	40	170	93	202	1696	1872
2	2	83	72	131	111	1872	1873
2	3	40	170	93	202	1696	1873
2	2	40	169	93	202	1749	1874
2	3	40	170	93	202	1696	1874
2	2	40	169	93	202	1749	1875
2	3	40	170	93	202	1696	1875
2	2	40	169	93	202	1749	1876
2	3	40	170	93	202	1696	1876
2	2	40	169	93	202	1749	1877
2	3	40	170	93	202	1696	1877
2	2	40	169	93	202	1749	1878
2	3	40	170	93	202	1696	1878
2	2	40	169	93	202	1749	1879
2	3	40	170	93	202	1696	1879
2	2	40	169	93	202	1749	1880
2	3	40	170	93	202	1696	1880
2	2	40	169	93	202	1749	1881
2	3	40	170	93	202	1696	1881
2	2	40	169	93	202	1749	1882
2	3	40	170	93	202	1696	1882
2	2	40	169	93	202	1749	1883
2	3	40	170	93	202	1696	1883
2	2	40	169	93	202	1749	1884
2	3	40	170	93	202	1696	1884
2	2	40	169	93	202	1749	1885
2	3	40	170	93	202	1696	1885
2	2	40	169	93	202	1749	1886
2	3	40	170	93	202	1696	1886
2	2	40	169	93	202	1749	1887
2	3	40	170	93	202	1696	1887
2	2	40	169	93	202	1749	1888
2	3	40	170	93	202	1696	1888
2	2	40	169	93	202	1749	1889
2	3	40	170	93	202	1696	1889
2	2	40	169	93	202	1749	1890
2	3	40	170	93	202	1696	1890
2	2	81	74	128	114	1880	1891
2	3	40	170	93	202	1696	1891
2	2	40	170	93	201	1643	1892
2	3	40	170	93	202	1696	1892
2	2	79	75	120	114	1599	1893
2	3	40	170	93	202	1696	1893
2	2	79	75	119	115	1600	1894
2	3	40	170	93	202	1696	1894
2	2	79	76	120	115	1599	1895
2	3	40	170	93	202	1696	1895
2	2	78	76	119	116	1640	1896
2	3	40	170	93	202	1696	1896
2	2	77	77	119	117	1680	1897
2	3	40	170	93	202	1696	1897
2	2	77	77	119	118	1722	1898
2	3	40	170	93	202	1696	1898
2	2	77	78	119	117	1638	1899
2	3	40	170	93	202	1696	1899
2	2	77	78	119	117	1638	1900
2	3	77	78	118	117	1599	1900
2	2	77	78	119	117	1638	1901
2	3	77	78	118	117	1599	1901
2	2	77	78	119	117	1638	1902
2	3	77	78	118	117	1599	1902
2	2	77	78	118	117	1599	1903
2	3	77	78	118	117	1599	1903
2	2	77	78	118	117	1599	1904
2	3	77	78	118	117	1599	1904
2	2	76	78	118	117	1638	1905
2	3	77	78	118	117	1599	1905
2	2	77	78	128	121	2193	1906
2	3	77	78	118	117	1599	1906
2	2	40	172	92	200	1456	1907
2	3	77	78	118	117	1599	1907
2	2	40	170	92	199	1508	1908
2	3	77	78	118	117	1599	1908
2	2	77	78	117	117	1560	1909
2	3	77	78	118	117	1599	1909
2	2	77	78	117	117	1560	1910
2	3	77	78	117	117	1560	1910
2	2	40	170	92	200	1560	1911
2	3	77	78	117	117	1560	1911
2	2	40	170	92	200	1560	1912
2	3	40	170	92	200	1560	1912
2	2	40	172	93	200	1484	1913
2	3	40	170	92	200	1560	1913
2	2	40	169	93	200	1643	1914
2	3	40	170	92	200	1560	1914
2	2	40	169	93	200	1643	1915
2	3	40	170	92	200	1560	1915
2	2	40	172	91	200	1428	1916
2	3	40	170	92	200	1560	1916
2	2	40	170	91	200	1530	1917
2	3	40	170	92	200	1560	1917
2	2	40	171	91	200	1479	1918
2	3	40	170	92	200	1560	1918
2	2	40	171	91	200	1479	1919
2	3	40	170	92	200	1560	1919
2	2	40	171	91	200	1479	1920
2	3	40	170	92	200	1560	1920
2	2	40	171	91	200	1479	1921
2	3	40	171	91	199	1428	1921
2	2	40	171	91	200	1479	1922
2	3	40	171	91	199	1428	1922
2	2	40	171	91	200	1479	1923
2	3	40	171	91	199	1428	1923
2	2	40	171	91	200	1479	1924
2	3	40	171	91	199	1428	1924
2	2	40	171	91	200	1479	1925
2	3	40	171	91	199	1428	1925
2	2	40	171	91	200	1479	1926
2	3	40	171	91	199	1428	1926
2	2	40	171	91	200	1479	1927
2	3	40	171	91	199	1428	1927
2	2	40	171	91	200	1479	1928
2	3	40	171	91	199	1428	1928
2	2	40	171	91	200	1479	1929
2	3	40	171	91	199	1428	1929
2	2	40	171	91	200	1479	1930
2	3	40	171	91	199	1428	1930
2	2	40	171	91	200	1479	1931
2	3	40	171	91	199	1428	1931
2	2	40	171	91	200	1479	1932
2	3	40	171	91	199	1428	1932
2	2	40	171	91	200	1479	1933
2	3	40	171	91	199	1428	1933
2	2	78	79	128	123	2200	1934
2	3	40	171	91	199	1428	1934
2	2	78	79	128	123	2200	1935
2	3	78	79	128	123	2200	1935
2	2	78	79	128	122	2150	1936
2	3	78	79	128	123	2200	1936
2	2	78	79	129	122	2193	1937
2	3	78	79	128	123	2200	1937
2	2	40	171	96	199	1568	1938
2	3	78	79	128	123	2200	1938
2	2	40	171	96	199	1568	1939
2	3	40	171	96	199	1568	1939
2	2	40	170	96	199	1624	1940
2	3	40	171	96	199	1568	1940
2	2	40	168	96	199	1736	1941
2	3	40	171	96	199	1568	1941
2	2	40	168	96	199	1736	1942
2	3	40	166	96	199	1848	1942
2	2	79	77	118	117	1560	1943
2	3	40	166	96	199	1848	1943
2	2	40	164	96	198	1904	1944
2	3	40	166	96	199	1848	1944
2	2	40	162	96	198	2016	1945
2	3	40	166	96	199	1848	1945
2	2	40	162	96	198	2016	1946
2	3	40	166	96	199	1848	1946
2	2	40	161	96	197	2016	1947
2	3	40	166	96	199	1848	1947
2	2	40	160	96	198	2128	1948
2	3	40	166	96	199	1848	1948
2	2	40	160	96	198	2128	1949
2	3	41	159	96	198	2145	1949
2	2	41	158	96	197	2145	1950
2	3	41	159	96	198	2145	1950
2	2	41	158	96	196	2090	1951
2	3	41	159	96	198	2145	1951
2	2	42	157	96	196	2106	1952
2	3	41	159	96	198	2145	1952
2	2	42	157	96	196	2106	1953
2	3	42	157	96	197	2160	1953
2	2	42	156	96	196	2160	1954
2	3	42	157	96	197	2160	1954
2	2	42	156	96	196	2160	1955
2	3	42	157	96	197	2160	1955
2	2	42	156	96	196	2160	1956
2	3	43	156	96	196	2120	1956
2	2	42	156	96	196	2160	1957
2	3	43	156	96	196	2120	1957
2	2	42	156	96	196	2160	1958
2	3	43	156	96	196	2120	1958
2	2	43	155	96	196	2173	1959
2	3	43	156	96	196	2120	1959
2	2	43	155	97	196	2214	1960
2	3	43	156	96	196	2120	1960
2	2	43	154	96	197	2279	1961
2	3	43	156	96	196	2120	1961
2	2	43	154	97	196	2268	1962
2	3	43	156	96	196	2120	1962
2	2	43	154	97	196	2268	1963
2	3	43	154	96	196	2226	1963
2	2	43	154	97	196	2268	1964
2	3	43	154	96	196	2226	1964
2	2	43	154	97	196	2268	1965
2	3	43	154	96	196	2226	1965
2	2	43	154	97	196	2268	1966
2	3	43	154	96	196	2226	1966
2	2	43	154	97	196	2268	1967
2	3	43	154	96	196	2226	1967
2	2	44	154	96	196	2184	1968
2	3	43	154	96	196	2226	1968
2	2	44	154	96	196	2184	1969
2	3	43	155	96	197	2226	1969
2	2	44	154	96	196	2184	1970
2	3	43	155	96	197	2226	1970
2	2	44	154	96	196	2184	1971
2	3	43	155	96	197	2226	1971
2	2	44	154	96	196	2184	1972
2	3	43	155	96	197	2226	1972
2	2	44	154	96	196	2184	1973
2	3	43	155	96	197	2226	1973
2	2	44	154	96	196	2184	1974
2	3	43	155	96	197	2226	1974
2	2	43	155	96	196	2173	1975
2	3	43	155	96	197	2226	1975
2	2	44	155	96	196	2132	1976
2	3	43	155	96	197	2226	1976
2	2	44	155	96	196	2132	1977
2	3	43	155	96	197	2226	1977
2	2	44	155	96	196	2132	1978
2	3	43	155	96	197	2226	1978
2	2	44	155	96	196	2132	1979
2	3	43	155	96	197	2226	1979
2	2	44	155	96	196	2132	1980
2	3	43	155	96	197	2226	1980
2	2	44	155	96	196	2132	1981
2	3	44	155	96	195	2080	1981
2	2	44	155	96	196	2132	1982
2	3	44	155	96	195	2080	1982
2	2	44	155	96	196	2132	1983
2	3	44	155	96	196	2132	1983
2	2	44	155	96	196	2132	1984
2	3	44	155	96	196	2132	1984
2	2	44	155	96	196	2132	1985
2	3	44	155	96	196	2132	1985
2	2	44	155	96	196	2132	1986
2	3	44	155	96	196	2132	1986
2	2	44	154	96	195	2132	1987
2	3	44	155	96	196	2132	1987
2	2	43	154	96	196	2226	1988
2	3	44	155	96	196	2132	1988
2	2	43	154	96	196	2226	1989
2	3	44	155	96	196	2132	1989
2	2	43	154	96	196	2226	1990
2	3	44	155	96	196	2132	1990
2	2	43	154	96	196	2226	1991
2	3	44	155	96	196	2132	1991
2	2	43	154	96	196	2226	1992
2	3	44	155	96	196	2132	1992
2	2	43	154	96	196	2226	1993
2	3	44	155	96	196	2132	1993
2	2	43	154	96	196	2226	1994
2	3	43	154	96	196	2226	1994
2	2	43	154	96	196	2226	1995
2	3	43	154	96	196	2226	1995
2	2	43	154	96	196	2226	1996
2	3	43	154	96	196	2226	1996
2	2	43	154	96	196	2226	1997
2	3	43	154	96	196	2226	1997
2	2	43	154	96	196	2226	1998
2	3	43	154	96	196	2226	1998
2	2	43	154	96	195	2173	1999
2	3	43	154	96	196	2226	1999
2	2	43	154	96	196	2226	2000
2	3	43	154	96	196	2226	2000
2	2	43	154	96	196	2226	2001
2	3	43	154	96	196	2226	2001
2	2	43	154	96	196	2226	2002
2	3	43	154	96	196	2226	2002
2	2	43	154	96	196	2226	2003
2	3	43	154	96	196	2226	2003
2	2	43	154	96	196	2226	2004
2	3	43	154	96	196	2226	2004
2	2	43	154	96	196	2226	2005
2	3	43	154	96	196	2226	2005
2	2	43	154	96	196	2226	2006
2	3	43	154	96	196	2226	2006
2	2	43	154	96	196	2226	2007
2	3	43	154	96	196	2226	2007
2	2	43	154	96	196	2226	2008
2	3	43	154	96	196	2226	2008
2	2	43	154	96	196	2226	2009
2	3	43	154	96	196	2226	2009
2	2	43	154	96	196	2226	2010
2	3	43	154	96	196	2226	2010
2	2	42	154	96	196	2268	2011
2	3	43	154	96	196	2226	2011
2	2	42	154	96	196	2268	2012
2	3	42	155	96	196	2214	2012
2	2	42	155	96	195	2160	2013
2	3	42	155	96	196	2214	2013
2	2	43	155	96	196	2173	2014
2	3	42	155	96	196	2214	2014
2	2	43	155	96	196	2173	2015
2	3	42	156	96	196	2160	2015
2	2	42	157	96	197	2160	2016
2	3	42	156	96	196	2160	2016
2	2	42	157	96	197	2160	2017
2	3	42	157	96	197	2160	2017
2	2	42	158	96	195	1998	2018
2	3	42	157	96	197	2160	2018
2	2	41	159	96	197	2090	2019
2	3	42	157	96	197	2160	2019
2	2	41	161	96	197	1980	2020
2	3	42	157	96	197	2160	2020
2	2	40	162	96	197	1960	2021
2	3	42	157	96	197	2160	2021
2	2	41	163	97	198	1960	2022
2	3	42	157	96	197	2160	2022
2	2	41	163	98	197	1938	2023
2	3	42	157	96	197	2160	2023
2	2	41	163	100	197	2006	2024
2	3	42	157	96	197	2160	2024
2	2	41	161	100	197	2124	2025
2	3	42	157	96	197	2160	2025
2	2	43	159	101	197	2204	2026
2	3	42	157	96	197	2160	2026
2	2	43	157	102	196	2301	2027
2	3	42	157	96	197	2160	2027
2	2	44	155	101	196	2337	2028
2	3	42	157	96	197	2160	2028
2	2	45	153	102	195	2394	2029
2	3	42	157	96	197	2160	2029
2	2	46	150	102	196	2576	2030
2	3	42	157	96	197	2160	2030
2	2	47	148	102	195	2585	2031
2	3	42	157	96	197	2160	2031
2	2	47	145	102	191	2530	2032
2	3	42	157	96	197	2160	2032
2	2	50	141	103	180	2067	2033
2	3	42	157	96	197	2160	2033
2	2	51	138	105	179	2214	2034
2	3	42	157	96	197	2160	2034
2	2	53	136	108	178	2310	2035
2	3	42	157	96	197	2160	2035
2	2	54	133	111	177	2508	2036
2	3	42	157	96	197	2160	2036
2	2	55	130	112	176	2622	2037
2	3	42	157	96	197	2160	2037
2	2	57	127	112	176	2695	2038
2	3	42	157	96	197	2160	2038
2	2	58	124	113	174	2750	2039
2	3	42	157	96	197	2160	2039
2	2	59	121	113	171	2700	2040
2	3	42	157	96	197	2160	2040
2	2	61	118	114	165	2491	2041
2	3	42	157	96	197	2160	2041
2	2	63	114	116	160	2438	2042
2	3	42	157	96	197	2160	2042
2	2	64	111	117	154	2279	2043
2	3	42	157	96	197	2160	2043
2	2	66	108	123	153	2565	2044
2	3	42	157	96	197	2160	2044
2	2	68	106	128	154	2880	2045
2	3	42	157	96	197	2160	2045
2	2	71	103	128	152	2793	2046
2	3	42	157	96	197	2160	2046
2	2	73	101	129	152	2856	2047
2	3	42	157	96	197	2160	2047
2	2	74	97	129	134	2035	2048
2	3	42	157	96	197	2160	2048
2	2	77	94	131	133	2106	2049
2	3	42	157	96	197	2160	2049
2	2	78	91	131	133	2226	2050
2	3	42	157	96	197	2160	2050
2	2	80	88	131	137	2499	2051
2	3	42	157	96	197	2160	2051
2	2	84	83	136	131	2496	2052
2	3	42	157	96	197	2160	2052
2	2	87	81	141	130	2646	2053
2	3	42	157	96	197	2160	2053
2	2	89	78	143	131	2862	2054
2	3	42	157	96	197	2160	2054
2	2	92	76	145	131	2915	2055
2	3	42	157	96	197	2160	2055
2	2	94	73	144	113	2000	2056
2	3	42	157	96	197	2160	2056
2	2	90	69	139	121	2548	2057
2	3	42	157	96	197	2160	2057
2	2	97	68	144	111	2021	2058
2	3	42	157	96	197	2160	2058
2	2	100	66	144	115	2156	2059
2	3	42	157	96	197	2160	2059
2	2	102	63	147	110	2115	2060
2	3	42	157	96	197	2160	2060
2	2	104	61	153	110	2401	2061
2	3	42	157	96	197	2160	2061
2	2	107	60	156	98	1862	2062
2	3	42	157	96	197	2160	2062
2	2	107	60	156	98	1862	2063
2	3	42	157	96	197	2160	2063
2	2	107	60	156	98	1862	2064
2	3	42	157	96	197	2160	2064
2	2	94	60	153	105	2655	2065
2	3	42	157	96	197	2160	2065
2	2	93	60	154	102	2562	2066
2	3	124	65	158	98	1122	2066
2	2	93	60	153	98	2280	2067
2	3	124	65	160	97	1152	2067
2	2	128	61	161	91	990	2068
2	3	124	65	160	97	1152	2068
2	2	133	63	163	90	810	2069
2	3	124	65	160	97	1152	2069
2	2	136	63	163	91	756	2070
2	3	124	65	160	97	1152	2070
2	2	137	64	164	91	729	2071
2	3	124	65	160	97	1152	2071
1	3	139	63	166	88	675	2072
0	0	0	0	0	0	0	2073
0	0	0	0	0	0	0	2074
0	0	0	0	0	0	0	2075
0	0	0	0	0	0	0	2076
0	0	0	0	0	0	0	2077
0	0	0	0	0	0	0	2078
0	0	0	0	0	0	0	2079
0	0	0	0	0	0	0	2080
0	0	0	0	0	0	0	2081
0	0	0	0	0	0	0	2082
0	0	0	0	0	0	0	2083
0	0	0	0	0	0	0	2084
0	0	0	0	0	0	0	2085
0	0	0	0	0	0	0	2086
0	0	0	0	0	0	0	2087
0	0	0	0	0	0	0	2088
0	0	0	0	0	0	0	2089
0	0	0	0	0	0	0	2090
0	0	0	0	0	0	0	2091
0	0	0	0	0	0	0	2092
0	0	0	0	0	0	0	2093
0	0	0	0	0	0	0	2094
0	0	0	0	0	0	0	2095
0	0	0	0	0	0	0	2096
0	0	0	0	0	0	0	2097
0	0	0	0	0	0	0	2098
0	0	0	0	0	0	0	2099
0	0	0	0	0	0	0	2100
0	0	0	0	0	0	0	2101
0	0	0	0	0	0	0	2102
0	0	0	0	0	0	0	2103
0	0	0	0	0	0	0	2104
0	0	0	0	0	0	0	2105
0	0	0	0	0	0	0	2106
0	0	0	0	0	0	0	2107
0	0	0	0	0	0	0	2108
0	0	0	0	0	0	0	2109
0	0	0	0	0	0	0	2110
0	0	0	0	0	0	0	2111
0	0	0	0	0	0	0	2112
0	0	0	0	0	0	0	2113
0	0	0	0	0	0	0	2114
0	0	0	0	0	0	0	2115
0	0	0	0	0	0	0	2116
0	0	0	0	0	0	0	2117
0	0	0	0	0	0	0	2118
0	0	0	0	0	0	0	2119
0	0	0	0	0	0	0	2120
0	0	0	0	0	0	0	2121
0	0	0	0	0	0	0	2122
0	0	0	0	0	0	0	2123
0	0	0	0	0	0	0	2124
0	0	0	0	0	0	0	2125
0	0	0	0	0	0	0	2126
0	0	0	0	0	0	0	2127
0	0	0	0	0	0	0	2128
0	0	0	0	0	0	0	2129
0	0	0	0	0	0	0	2130
0	0	0	0	0	0	0	2131
0	0	0	0	0	0	0	2132
0	0	0	0	0	0	0	2133
0	0	0	0	0	0	0	2134
0	0	0	0	0	0	0	2135
0	0	0	0	0	0	0	2136
0	0	0	0	0	0	0	2137
0	0	0	0	0	0	0	2138
0	0	0	0	0	0	0	2139
0	0	0	0	0	0	0	2140
0	0	0	0	0	0	0	2141
0	0	0	0	0	0	0	2142
0	0	0	0	0	0	0	2143
0	0	0	0	0	0	0	2144
0	0	0	0	0	0	0	2145
0	0	0	0	0	0	0	2146
0	0	0	0	0	0	0	2147
0	0	0	0	0	0	0	2148
0	0	0	0	0	0	0	2149
0	0	0	0	0	0	0	2150
0	0	0	0	0	0	0	2151
0	0	0	0	0	0	0	2152
0	0	0	0	0	0	0	2153
0	0	0	0	0	0	0	2154
0	0	0	0	0	0	0	2155
0	0	0	0	0	0	0	2156
0	0	0	0	0	0	0	2157
0	0	0	0	0	0	0	2158
0	0	0	0	0	0	0	2159
0	0	0	0	0	0	0	2160
0	0	0	0	0	0	0	2161
0	0	0	0	0	0	0	2162
0	0	0	0	0	0	0	2163
0	0	0	0	0	0	0	2164
0	0	0	0	0	0	0	2165
0	0	0	0	0	0	0	2166
0	0	0	0	0	0	0	2167
0	0	0	0	0	0	0	2168
0	0	0	0	0	0	0	2169
0	0	0	0	0	0	0	2170
0	0	0	0	0	0	0	2171
0	0	0	0	0	0	0	2172
0	0	0	0	0	0	0	2173
0	0	0	0	0	0	0	2174
0	0	0	0	0	0	0	2175
0	0	0	0	0	0	0	2176
0	0	0	0	0	0	0	2177
1	4	193	60	232	118	2262	2178
1	4	193	60	235	116	2352	2179
1	4	187	60	245	123	3654	2180
1	4	194	60	235	107	1927	2181
1	4	190	60	243	121	3233	2182
1	4	190	62	242	123	3172	2183
1	4	190	62	243	121	3127	2184
1	4	192	60	246	124	3456	2185
1	4	192	60	247	124	3520	2186
1	4	193	60	251	129	4002	2187
1	4	190	60	251	126	4026	2188
1	4	186	64	264	154	7020	2189
1	4	187	63	262	156	6975	2190
1	4	183	63	262	150	6873	2191
1	4	181	64	268	154	7830	2192
1	4	194	60	268	163	7622	2193
1	4	191	60	271	168	8640	2194
1	4	173	62	278	181	12495	2195
1	4	195	60	279	200	11760	2196
1	4	202	60	286	198	11592	2197
1	4	205	60	292	196	11832	2198
1	4	210	64	297	196	11484	2199
1	4	213	69	298	197	10880	2200
1	4	210	72	302	198	11592	2201
1	4	223	81	303	212	10480	2202
1	4	219	97	309	219	10980	2203
1	4	227	112	310	232	9960	2204
2	4	230	127	315	230	8755	2205
2	5	182	60	233	135	3825	2205
2	4	235	137	318	240	8549	2206
2	5	182	60	236	136	4104	2206
2	4	249	154	328	238	6636	2207
2	5	181	62	241	134	4320	2207
2	4	252	168	336	238	5880	2208
2	5	184	61	241	140	4503	2208
2	4	255	181	343	248	5896	2209
2	5	183	62	240	140	4446	2209
2	4	258	190	349	258	6188	2210
2	5	184	62	238	142	4320	2210
2	4	262	201	354	274	6716	2211
2	5	183	60	238	140	4400	2211
2	4	265	211	358	288	7161	2212
2	5	186	60	238	144	4368	2212
2	4	270	221	360	303	7380	2213
2	5	186	61	238	144	4316	2213
2	4	272	222	363	316	8554	2214
2	5	186	60	237	150	4590	2214
2	4	275	226	366	329	9373	2215
2	5	187	69	240	163	4982	2215
2	4	277	225	369	342	10764	2216
2	5	187	67	241	172	5670	2216
2	4	282	233	373	352	10829	2217
2	5	188	69	240	176	5564	2217
2	4	287	270	376	362	8188	2218
2	5	187	76	241	178	5508	2218
2	4	291	277	379	370	8184	2219
2	5	187	80	244	181	5757	2219
2	4	295	284	380	376	7820	2220
2	5	185	85	243	178	5394	2220
2	4	297	290	380	382	7636	2221
2	5	183	88	242	177	5251	2221
2	4	299	294	380	387	7533	2222
2	5	181	89	242	179	5490	2222
2	4	302	298	380	392	7332	2223
2	5	181	91	241	181	5400	2223
2	4	305	304	381	398	7144	2224
2	5	186	103	253	191	5896	2224
2	4	307	311	382	404	6975	2225
2	5	184	107	254	203	6720	2225
2	4	308	321	382	409	6512	2226
2	5	188	112	255	208	6432	2226
2	4	310	327	382	410	5976	2227
2	5	189	117	256	209	6164	2227
2	4	311	332	381	410	5460	2228
2	5	189	121	256	221	6700	2228
2	4	312	336	381	410	5106	2229
2	5	190	127	260	221	6580	2229
2	4	313	340	380	410	4690	2230
2	5	187	137	265	212	5850	2230
2	4	313	345	378	410	4225	2231
2	5	189	146	261	218	5184	2231
2	4	315	356	374	410	3186	2232
2	5	198	162	268	243	5670	2232
2	4	315	360	373	410	2900	2233
2	5	201	171	271	257	6020	2233
2	4	314	366	373	410	2596	2234
2	5	203	181	274	262	5751	2234
2	4	314	370	372	410	2320	2235
2	5	204	191	275	263	5112	2235
2	4	315	372	372	410	2166	2236
2	5	206	200	278	263	4536	2236
2	4	315	372	370	410	2090	2237
2	5	208	205	280	268	4536	2237
2	4	210	215	283	281	4818	2238
2	5	315	373	369	410	1998	2238
2	4	212	226	284	293	4824	2239
2	5	315	374	367	410	1872	2239
2	4	218	239	288	314	5250	2240
2	5	315	380	364	410	1470	2240
2	4	222	239	291	324	5865	2241
2	5	319	383	362	410	1161	2241
2	4	229	243	284	336	5115	2242
2	5	319	383	362	410	1161	2242
2	4	229	242	286	341	5643	2243
2	5	319	383	362	410	1161	2243
2	4	236	242	300	351	6976	2244
2	5	311	367	353	410	1806	2244
2	4	239	249	303	360	7104	2245
2	5	311	367	353	410	1806	2245
2	4	240	264	299	370	6254	2246
2	5	311	367	353	410	1806	2246
2	4	243	272	301	375	5974	2247
2	5	311	367	353	410	1806	2247
2	4	244	280	303	369	5251	2248
2	5	311	367	353	410	1806	2248
2	4	243	280	309	388	7128	2249
2	5	311	367	353	410	1806	2249
2	4	246	280	310	392	7168	2250
2	5	311	367	353	410	1806	2250
1	4	247	280	310	396	7308	2251
1	4	249	282	310	401	7259	2252
1	4	250	286	311	407	7381	2253
1	4	253	293	312	410	6903	2254
1	4	255	304	312	410	6042	2255
1	4	257	313	335	410	7566	2256
1	4	260	319	334	410	6734	2257
1	4	257	331	314	409	4446	2258
1	4	262	320	328	410	5940	2259
1	4	263	320	326	410	5670	2260
1	4	265	321	326	410	5429	2261
2	4	265	321	326	410	5429	2262
2	6	267	323	325	410	5046	2262
2	4	265	341	335	409	4760	2263
2	6	267	323	325	410	5046	2263
1	4	266	343	327	410	4087	2264
1	4	266	347	326	410	3780	2265
1	4	267	349	325	410	3538	2266
2	4	267	349	325	410	3538	2267
2	7	267	349	324	410	3477	2267
2	4	269	349	322	410	3233	2268
2	7	267	349	324	410	3477	2268
1	4	268	351	319	410	3009	2269
1	4	268	354	319	410	2856	2270
1	4	272	360	319	410	2350	2271
1	4	271	366	320	410	2156	2272
1	4	274	370	320	410	1840	2273
1	4	275	372	319	410	1672	2274
1	4	275	373	319	410	1628	2275
2	4	275	373	319	410	1628	2276
2	8	275	374	320	410	1620	2276
3	4	275	373	319	410	1628	2277
3	8	275	374	320	410	1620	2277
3	9	276	374	320	410	1584	2277
2	4	275	373	319	410	1628	2278
2	9	276	374	320	410	1584	2278
1	4	275	373	319	410	1628	2279
1	4	275	373	319	410	1628	2280
1	4	275	373	319	410	1628	2281
0	0	0	0	0	0	0	2282
0	0	0	0	0	0	0	2283
0	0	0	0	0	0	0	2284
0	0	0	0	0	0	0	2285
0	0	0	0	0	0	0	2286
0	0	0	0	0	0	0	2287
0	0	0	0	0	0	0	2288
0	0	0	0	0	0	0	2289
0	0	0	0	0	0	0	2290
0	0	0	0	0	0	0	2291
0	0	0	0	0	0	0	2292
0	0	0	0	0	0	0	2293
0	0	0	0	0	0	0	2294
0	0	0	0	0	0	0	2295
0	0	0	0	0	0	0	2296
0	0	0	0	0	0	0	2297
0	0	0	0	0	0	0	2298
0	0	0	0	0	0	0	2299
0	0	0	0	0	0	0	2300
0	0	0	0	0	0	0	2301
0	0	0	0	0	0	0	2302
0	0	0	0	0	0	0	2303
0	0	0	0	0	0	0	2304
0	0	0	0	0	0	0	2305
0	0	0	0	0	0	0	2306
0	0	0	0	0	0	0	2307
0	0	0	0	0	0	0	2308
0	0	0	0	0	0	0	2309
0	0	0	0	0	0	0	2310
0	0	0	0	0	0	0	2311
0	0	0	0	0	0	0	2312
0	0	0	0	0	0	0	2313
0	0	0	0	0	0	0	2314
0	0	0	0	0	0	0	2315
0	0	0	0	0	0	0	2316
0	0	0	0	0	0	0	2317
0	0	0	0	0	0	0	2318
0	0	0	0	0	0	0	2319
0	0	0	0	0	0	0	2320
0	0	0	0	0	0	0	2321
0	0	0	0	0	0	0	2322
0	0	0	0	0	0	0	2323
0	0	0	0	0	0	0	2324
0	0	0	0	0	0	0	2325
0	0	0	0	0	0	0	2326
0	0	0	0	0	0	0	2327
0	0	0	0	0	0	0	2328
0	0	0	0	0	0	0	2329
0	0	0	0	0	0	0	2330
0	0	0	0	0	0	0	2331
0	0	0	0	0	0	0	2332
0	0	0	0	0	0	0	2333
0	0	0	0	0	0	0	2334
0	0	0	0	0	0	0	2335
0	0	0	0	0	0	0	2336
0	0	0	0	0	0	0	2337
0	0	0	0	0	0	0	2338
0	0	0	0	0	0	0	2339
0	0	0	0	0	0	0	2340
0	0	0	0	0	0	0	2341
0	0	0	0	0	0	0	2342
0	0	0	0	0	0	0	2343
0	0	0	0	0	0	0	2344
0	0	0	0	0	0	0	2345
0	0	0	0	0	0	0	2346
0	0	0	0	0	0	0	2347
0	0	0	0	0	0	0	2348
0	0	0	0	0	0	0	2349
0	0	0	0	0	0	0	2350
0	0	0	0	0	0	0	2351
0	0	0	0	0	0	0	2352
0	0	0	0	0	0	0	2353
0	0	0	0	0	0	0	2354
0	0	0	0	0	0	0	2355
0	0	0	0	0	0	0	2356
0	0	0	0	0	0	0	2357
0	0	0	0	0	0	0	2358
0	0	0	0	0	0	0	2359
0	0	0	0	0	0	0	2360
0	0	0	0	0	0	0	2361
0	0	0	0	0	0	0	2362
0	0	0	0	0	0	0	2363
0	0	0	0	0	0	0	2364
0	0	0	0	0	0	0	2365
0	0	0	0	0	0	0	2366
0	0	0	0	0	0	0	2367
0	0	0	0	0	0	0	2368
0	0	0	0	0	0	0	2369
0	0	0	0	0	0	0	2370
0	0	0	0	0	0	0	2371
0	0	0	0	0	0	0	2372
0	0	0	0	0	0	0	2373
0	0	0	0	0	0	0	2374
0	0	0	0	0	0	0	2375
0	0	0	0	0	0	0	2376
0	0	0	0	0	0	0	2377
0	0	0	0	0	0	0	2378
0	0	0	0	0	0	0	2379
0	0	0	0	0	0	0	2380
0	0	0	0	0	0	0	2381
0	0	0	0	0	0	0	2382
0	0	0	0	0	0	0	2383
0	0	0	0	0	0	0	2384
0	0	0	0	0	0	0	2385
0	0	0	0	0	0	0	2386
0	0	0	0	0	0	0	2387
0	0	0	0	0	0	0	2388
0	0	0	0	0	0	0	2389
0	0	0	0	0	0	0	2390
0	0	0	0	0	0	0	2391
0	0	0	0	0	0	0	2392
0	0	0	0	0	0	0	2393
0	0	0	0	0	0	0	2394
0	0	0	0	0	0	0	2395
0	0	0	0	0	0	0	2396
0	0	0	0	0	0	0	2397
0	0	0	0	0	0	0	2398
0	0	0	0	0	0	0	2399
0	0	0	0	0	0	0	2400
0	0	0	0	0	0	0	2401
0	0	0	0	0	0	0	2402
0	0	0	0	0	0	0	2403
0	0	0	0	0	0	0	2404
0	0	0	0	0	0	0	2405
0	0	0	0	0	0	0	2406
0	0	0	0	0	0	0	2407
0	0	0	0	0	0	0	2408
0	0	0	0	0	0	0	2409
0	0	0	0	0	0	0	2410
0	0	0	0	0	0	0	2411
0	0	0	0	0	0	0	2412
0	0	0	0	0	0	0	2413
0	0	0	0	0	0	0	2414
0	0	0	0	0	0	0	2415
0	0	0	0	0	0	0	2416
0	0	0	0	0	0	0	2417
0	0	0	0	0	0	0	2418
0	0	0	0	0	0	0	2419
0	0	0	0	0	0	0	2420
0	0	0	0	0	0	0	2421
0	0	0	0	0	0	0	2422
0	0	0	0	0	0	0	2423
0	0	0	0	0	0	0	2424
0	0	0	0	0	0	0	2425
0	0	0	0	0	0	0	2426
0	0	0	0	0	0	0	2427
0	0	0	0	0	0	0	2428
