detections	cameraID	xmin	ymin	xmax	ymax	area	frame_no
0	0	0	0	0	0	0	0
0	0	0	0	0	0	0	1
0	0	0	0	0	0	0	2
0	0	0	0	0	0	0	3
0	0	0	0	0	0	0	4
0	0	0	0	0	0	0	5
0	0	0	0	0	0	0	6
0	0	0	0	0	0	0	7
0	0	0	0	0	0	0	8
0	0	0	0	0	0	0	9
0	0	0	0	0	0	0	10
0	0	0	0	0	0	0	11
0	0	0	0	0	0	0	12
0	0	0	0	0	0	0	13
0	0	0	0	0	0	0	14
0	0	0	0	0	0	0	15
0	0	0	0	0	0	0	16
0	0	0	0	0	0	0	17
0	0	0	0	0	0	0	18
0	0	0	0	0	0	0	19
0	0	0	0	0	0	0	20
0	0	0	0	0	0	0	21
0	0	0	0	0	0	0	22
0	0	0	0	0	0	0	23
0	0	0	0	0	0	0	24
0	0	0	0	0	0	0	25
0	0	0	0	0	0	0	26
0	0	0	0	0	0	0	27
0	0	0	0	0	0	0	28
0	0	0	0	0	0	0	29
0	0	0	0	0	0	0	30
0	0	0	0	0	0	0	31
0	0	0	0	0	0	0	32
0	0	0	0	0	0	0	33
0	0	0	0	0	0	0	34
0	0	0	0	0	0	0	35
0	0	0	0	0	0	0	36
0	0	0	0	0	0	0	37
0	0	0	0	0	0	0	38
0	0	0	0	0	0	0	39
0	0	0	0	0	0	0	40
0	0	0	0	0	0	0	41
0	0	0	0	0	0	0	42
0	0	0	0	0	0	0	43
0	0	0	0	0	0	0	44
0	0	0	0	0	0	0	45
0	0	0	0	0	0	0	46
0	0	0	0	0	0	0	47
0	0	0	0	0	0	0	48
0	0	0	0	0	0	0	49
0	0	0	0	0	0	0	50
0	0	0	0	0	0	0	51
0	0	0	0	0	0	0	52
0	0	0	0	0	0	0	53
0	0	0	0	0	0	0	54
0	0	0	0	0	0	0	55
0	0	0	0	0	0	0	56
0	0	0	0	0	0	0	57
0	0	0	0	0	0	0	58
0	0	0	0	0	0	0	59
0	0	0	0	0	0	0	60
0	0	0	0	0	0	0	61
0	0	0	0	0	0	0	62
0	0	0	0	0	0	0	63
0	0	0	0	0	0	0	64
0	0	0	0	0	0	0	65
0	0	0	0	0	0	0	66
0	0	0	0	0	0	0	67
0	0	0	0	0	0	0	68
0	0	0	0	0	0	0	69
0	0	0	0	0	0	0	70
0	0	0	0	0	0	0	71
0	0	0	0	0	0	0	72
0	0	0	0	0	0	0	73
0	0	0	0	0	0	0	74
0	0	0	0	0	0	0	75
0	0	0	0	0	0	0	76
0	0	0	0	0	0	0	77
0	0	0	0	0	0	0	78
0	0	0	0	0	0	0	79
0	0	0	0	0	0	0	80
0	0	0	0	0	0	0	81
0	0	0	0	0	0	0	82
0	0	0	0	0	0	0	83
0	0	0	0	0	0	0	84
0	0	0	0	0	0	0	85
0	0	0	0	0	0	0	86
0	0	0	0	0	0	0	87
0	0	0	0	0	0	0	88
0	0	0	0	0	0	0	89
0	0	0	0	0	0	0	90
0	0	0	0	0	0	0	91
0	0	0	0	0	0	0	92
0	0	0	0	0	0	0	93
0	0	0	0	0	0	0	94
0	0	0	0	0	0	0	95
0	0	0	0	0	0	0	96
0	0	0	0	0	0	0	97
0	0	0	0	0	0	0	98
0	0	0	0	0	0	0	99
0	0	0	0	0	0	0	100
0	0	0	0	0	0	0	101
0	0	0	0	0	0	0	102
0	0	0	0	0	0	0	103
0	0	0	0	0	0	0	104
0	0	0	0	0	0	0	105
0	0	0	0	0	0	0	106
0	0	0	0	0	0	0	107
0	0	0	0	0	0	0	108
0	0	0	0	0	0	0	109
0	0	0	0	0	0	0	110
0	0	0	0	0	0	0	111
0	0	0	0	0	0	0	112
0	0	0	0	0	0	0	113
0	0	0	0	0	0	0	114
0	0	0	0	0	0	0	115
0	0	0	0	0	0	0	116
0	0	0	0	0	0	0	117
0	0	0	0	0	0	0	118
0	0	0	0	0	0	0	119
0	0	0	0	0	0	0	120
0	0	0	0	0	0	0	121
0	0	0	0	0	0	0	122
0	0	0	0	0	0	0	123
0	0	0	0	0	0	0	124
0	0	0	0	0	0	0	125
0	0	0	0	0	0	0	126
0	0	0	0	0	0	0	127
0	0	0	0	0	0	0	128
0	0	0	0	0	0	0	129
0	0	0	0	0	0	0	130
0	0	0	0	0	0	0	131
0	0	0	0	0	0	0	132
0	0	0	0	0	0	0	133
0	0	0	0	0	0	0	134
0	0	0	0	0	0	0	135
0	0	0	0	0	0	0	136
0	0	0	0	0	0	0	137
0	0	0	0	0	0	0	138
0	0	0	0	0	0	0	139
0	0	0	0	0	0	0	140
0	0	0	0	0	0	0	141
0	0	0	0	0	0	0	142
0	0	0	0	0	0	0	143
0	0	0	0	0	0	0	144
0	0	0	0	0	0	0	145
0	0	0	0	0	0	0	146
0	0	0	0	0	0	0	147
0	0	0	0	0	0	0	148
0	0	0	0	0	0	0	149
0	0	0	0	0	0	0	150
0	0	0	0	0	0	0	151
0	0	0	0	0	0	0	152
0	0	0	0	0	0	0	153
0	0	0	0	0	0	0	154
0	0	0	0	0	0	0	155
0	0	0	0	0	0	0	156
0	0	0	0	0	0	0	157
0	0	0	0	0	0	0	158
0	0	0	0	0	0	0	159
0	0	0	0	0	0	0	160
0	0	0	0	0	0	0	161
0	0	0	0	0	0	0	162
0	0	0	0	0	0	0	163
0	0	0	0	0	0	0	164
0	0	0	0	0	0	0	165
0	0	0	0	0	0	0	166
0	0	0	0	0	0	0	167
0	0	0	0	0	0	0	168
0	0	0	0	0	0	0	169
0	0	0	0	0	0	0	170
0	0	0	0	0	0	0	171
0	0	0	0	0	0	0	172
0	0	0	0	0	0	0	173
0	0	0	0	0	0	0	174
0	0	0	0	0	0	0	175
0	0	0	0	0	0	0	176
0	0	0	0	0	0	0	177
0	0	0	0	0	0	0	178
0	0	0	0	0	0	0	179
0	0	0	0	0	0	0	180
0	0	0	0	0	0	0	181
0	0	0	0	0	0	0	182
0	0	0	0	0	0	0	183
0	0	0	0	0	0	0	184
0	0	0	0	0	0	0	185
0	0	0	0	0	0	0	186
0	0	0	0	0	0	0	187
0	0	0	0	0	0	0	188
0	0	0	0	0	0	0	189
0	0	0	0	0	0	0	190
0	0	0	0	0	0	0	191
0	0	0	0	0	0	0	192
0	0	0	0	0	0	0	193
0	0	0	0	0	0	0	194
0	0	0	0	0	0	0	195
0	0	0	0	0	0	0	196
0	0	0	0	0	0	0	197
0	0	0	0	0	0	0	198
0	0	0	0	0	0	0	199
0	0	0	0	0	0	0	200
0	0	0	0	0	0	0	201
0	0	0	0	0	0	0	202
0	0	0	0	0	0	0	203
0	0	0	0	0	0	0	204
0	0	0	0	0	0	0	205
0	0	0	0	0	0	0	206
0	0	0	0	0	0	0	207
0	0	0	0	0	0	0	208
0	0	0	0	0	0	0	209
0	0	0	0	0	0	0	210
0	0	0	0	0	0	0	211
0	0	0	0	0	0	0	212
0	0	0	0	0	0	0	213
0	0	0	0	0	0	0	214
0	0	0	0	0	0	0	215
0	0	0	0	0	0	0	216
0	0	0	0	0	0	0	217
0	0	0	0	0	0	0	218
0	0	0	0	0	0	0	219
0	0	0	0	0	0	0	220
0	0	0	0	0	0	0	221
0	0	0	0	0	0	0	222
0	0	0	0	0	0	0	223
0	0	0	0	0	0	0	224
0	0	0	0	0	0	0	225
0	0	0	0	0	0	0	226
0	0	0	0	0	0	0	227
0	0	0	0	0	0	0	228
0	0	0	0	0	0	0	229
0	0	0	0	0	0	0	230
0	0	0	0	0	0	0	231
1	1	409	60	450	152	3772	232
3	1	409	60	450	152	3772	233
3	2	283	162	363	215	4240	233
3	3	231	60	450	189	28251	233
9	1	409	60	450	152	3772	234
9	2	308	165	363	215	2750	234
9	3	231	60	450	189	28251	234
9	4	129	328	205	410	6232	234
9	5	40	247	129	410	14507	234
9	6	40	190	90	225	1750	234
9	7	40	99	98	192	5394	234
9	8	99	63	259	319	40960	234
9	9	60	60	182	164	12688	234
18	1	412	60	450	152	3496	235
18	2	308	165	363	214	2695	235
18	3	231	60	405	147	15138	235
18	4	129	328	203	410	6068	235
18	5	40	321	126	410	7654	235
18	6	40	190	90	225	1750	235
18	7	40	99	98	191	5336	235
18	8	189	185	259	238	3710	235
18	9	110	95	181	163	4828	235
18	10	363	367	450	410	3741	235
18	11	229	344	300	408	4544	235
18	12	270	283	376	396	11978	235
18	13	40	247	115	316	5175	235
18	14	368	243	440	378	9720	235
18	15	99	193	255	319	19656	235
18	16	368	150	450	189	3198	235
18	17	171	63	247	160	7372	235
18	18	49	60	149	94	3400	235
20	1	413	71	450	151	2960	236
20	2	308	165	363	214	2695	236
20	3	279	68	349	122	3780	236
20	4	129	333	198	393	4140	236
20	5	40	349	126	410	5246	236
20	7	48	111	98	184	3650	236
20	8	189	185	259	238	3710	236
20	9	117	95	172	163	3740	236
20	10	371	367	434	410	2709	236
20	11	229	344	300	408	4544	236
20	12	309	283	375	396	7458	236
20	13	40	247	115	316	5175	236
20	14	368	243	440	378	9720	236
20	15	151	249	255	319	7280	236
20	16	368	150	450	189	3198	236
20	17	171	63	229	137	4292	236
20	18	77	60	149	94	2448	236
20	19	279	318	319	364	1840	236
20	20	106	193	168	245	3224	236
20	21	351	93	399	138	2160	236
18	1	413	71	450	151	2960	237
18	2	308	165	363	214	2695	237
18	3	279	68	349	122	3780	237
18	4	129	333	172	389	2408	237
18	5	40	349	126	410	5246	237
18	7	48	111	98	184	3650	237
18	8	189	185	259	238	3710	237
18	9	117	95	172	163	3740	237
18	10	372	367	430	410	2494	237
18	12	329	299	375	375	3496	237
18	13	59	265	93	316	1734	237
18	14	368	243	440	378	9720	237
18	15	151	254	255	319	6760	237
18	17	192	83	225	137	1782	237
18	18	78	60	149	94	2414	237
18	19	279	318	319	364	1840	237
18	20	111	193	167	239	2576	237
18	21	351	93	399	138	2160	237
17	1	413	71	450	151	2960	238
17	2	308	165	363	214	2695	238
17	3	279	68	349	122	3780	238
17	4	130	333	172	389	2352	238
17	5	40	349	126	410	5246	238
17	7	48	111	98	184	3650	238
17	8	189	185	259	238	3710	238
17	9	117	95	172	163	3740	238
17	10	372	367	430	410	2494	238
17	12	333	299	365	352	1696	238
17	13	59	265	93	316	1734	238
17	14	368	243	440	378	9720	238
17	15	168	287	229	319	1952	238
17	17	192	83	225	137	1782	238
17	18	78	60	144	93	2178	238
17	19	279	318	319	364	1840	238
17	20	111	193	167	239	2576	238
15	1	413	71	450	151	2960	239
15	3	279	68	349	122	3780	239
15	4	130	333	172	389	2352	239
15	5	40	349	126	410	5246	239
15	7	48	111	98	184	3650	239
15	8	189	185	259	238	3710	239
15	9	117	95	172	163	3740	239
15	10	372	367	430	410	2494	239
15	12	333	299	365	352	1696	239
15	13	59	265	93	316	1734	239
15	15	168	287	229	319	1952	239
15	17	192	83	225	137	1782	239
15	18	78	60	144	93	2178	239
15	19	279	318	319	364	1840	239
15	20	111	193	167	239	2576	239
9	1	413	71	450	151	2960	240
9	4	130	333	172	389	2352	240
9	10	372	367	430	410	2494	240
9	12	333	299	365	352	1696	240
9	13	59	265	93	316	1734	240
9	15	168	287	229	319	1952	240
9	17	192	83	225	137	1782	240
9	18	78	60	144	93	2178	240
9	20	111	193	167	239	2576	240
8	1	413	71	450	151	2960	241
8	4	130	333	172	389	2352	241
8	10	372	367	430	410	2494	241
8	12	333	299	365	352	1696	241
8	15	168	287	229	319	1952	241
8	17	192	83	225	137	1782	241
8	18	78	60	144	93	2178	241
8	20	111	193	167	239	2576	241
2	1	413	71	450	151	2960	242
2	4	130	333	172	389	2352	242
1	4	130	333	172	389	2352	243
1	4	130	333	172	389	2352	244
0	0	0	0	0	0	0	245
0	0	0	0	0	0	0	246
0	0	0	0	0	0	0	247
0	0	0	0	0	0	0	248
0	0	0	0	0	0	0	249
0	0	0	0	0	0	0	250
0	0	0	0	0	0	0	251
0	0	0	0	0	0	0	252
0	0	0	0	0	0	0	253
0	0	0	0	0	0	0	254
0	0	0	0	0	0	0	255
0	0	0	0	0	0	0	256
0	0	0	0	0	0	0	257
0	0	0	0	0	0	0	258
0	0	0	0	0	0	0	259
0	0	0	0	0	0	0	260
0	0	0	0	0	0	0	261
0	0	0	0	0	0	0	262
0	0	0	0	0	0	0	263
0	0	0	0	0	0	0	264
0	0	0	0	0	0	0	265
0	0	0	0	0	0	0	266
0	0	0	0	0	0	0	267
0	0	0	0	0	0	0	268
0	0	0	0	0	0	0	269
0	0	0	0	0	0	0	270
0	0	0	0	0	0	0	271
0	0	0	0	0	0	0	272
0	0	0	0	0	0	0	273
0	0	0	0	0	0	0	274
0	0	0	0	0	0	0	275
0	0	0	0	0	0	0	276
0	0	0	0	0	0	0	277
0	0	0	0	0	0	0	278
0	0	0	0	0	0	0	279
0	0	0	0	0	0	0	280
0	0	0	0	0	0	0	281
0	0	0	0	0	0	0	282
0	0	0	0	0	0	0	283
0	0	0	0	0	0	0	284
0	0	0	0	0	0	0	285
0	0	0	0	0	0	0	286
0	0	0	0	0	0	0	287
0	0	0	0	0	0	0	288
0	0	0	0	0	0	0	289
0	0	0	0	0	0	0	290
0	0	0	0	0	0	0	291
0	0	0	0	0	0	0	292
0	0	0	0	0	0	0	293
0	0	0	0	0	0	0	294
0	0	0	0	0	0	0	295
0	0	0	0	0	0	0	296
0	0	0	0	0	0	0	297
0	0	0	0	0	0	0	298
0	0	0	0	0	0	0	299
0	0	0	0	0	0	0	300
0	0	0	0	0	0	0	301
0	0	0	0	0	0	0	302
0	0	0	0	0	0	0	303
0	0	0	0	0	0	0	304
0	0	0	0	0	0	0	305
0	0	0	0	0	0	0	306
0	0	0	0	0	0	0	307
0	0	0	0	0	0	0	308
0	0	0	0	0	0	0	309
0	0	0	0	0	0	0	310
0	0	0	0	0	0	0	311
0	0	0	0	0	0	0	312
0	0	0	0	0	0	0	313
0	0	0	0	0	0	0	314
0	0	0	0	0	0	0	315
0	0	0	0	0	0	0	316
0	0	0	0	0	0	0	317
0	0	0	0	0	0	0	318
0	0	0	0	0	0	0	319
0	0	0	0	0	0	0	320
0	0	0	0	0	0	0	321
0	0	0	0	0	0	0	322
0	0	0	0	0	0	0	323
0	0	0	0	0	0	0	324
0	0	0	0	0	0	0	325
0	0	0	0	0	0	0	326
0	0	0	0	0	0	0	327
0	0	0	0	0	0	0	328
0	0	0	0	0	0	0	329
0	0	0	0	0	0	0	330
0	0	0	0	0	0	0	331
0	0	0	0	0	0	0	332
0	0	0	0	0	0	0	333
0	0	0	0	0	0	0	334
0	0	0	0	0	0	0	335
0	0	0	0	0	0	0	336
0	0	0	0	0	0	0	337
0	0	0	0	0	0	0	338
0	0	0	0	0	0	0	339
0	0	0	0	0	0	0	340
0	0	0	0	0	0	0	341
0	0	0	0	0	0	0	342
0	0	0	0	0	0	0	343
0	0	0	0	0	0	0	344
0	0	0	0	0	0	0	345
0	0	0	0	0	0	0	346
0	0	0	0	0	0	0	347
0	0	0	0	0	0	0	348
0	0	0	0	0	0	0	349
0	0	0	0	0	0	0	350
0	0	0	0	0	0	0	351
0	0	0	0	0	0	0	352
0	0	0	0	0	0	0	353
0	0	0	0	0	0	0	354
0	0	0	0	0	0	0	355
0	0	0	0	0	0	0	356
0	0	0	0	0	0	0	357
0	0	0	0	0	0	0	358
0	0	0	0	0	0	0	359
0	0	0	0	0	0	0	360
0	0	0	0	0	0	0	361
0	0	0	0	0	0	0	362
0	0	0	0	0	0	0	363
0	0	0	0	0	0	0	364
0	0	0	0	0	0	0	365
0	0	0	0	0	0	0	366
0	0	0	0	0	0	0	367
0	0	0	0	0	0	0	368
0	0	0	0	0	0	0	369
0	0	0	0	0	0	0	370
0	0	0	0	0	0	0	371
0	0	0	0	0	0	0	372
0	0	0	0	0	0	0	373
0	0	0	0	0	0	0	374
0	0	0	0	0	0	0	375
0	0	0	0	0	0	0	376
0	0	0	0	0	0	0	377
0	0	0	0	0	0	0	378
0	0	0	0	0	0	0	379
0	0	0	0	0	0	0	380
0	0	0	0	0	0	0	381
0	0	0	0	0	0	0	382
0	0	0	0	0	0	0	383
0	0	0	0	0	0	0	384
0	0	0	0	0	0	0	385
0	0	0	0	0	0	0	386
0	0	0	0	0	0	0	387
0	0	0	0	0	0	0	388
0	0	0	0	0	0	0	389
0	0	0	0	0	0	0	390
0	0	0	0	0	0	0	391
0	0	0	0	0	0	0	392
0	0	0	0	0	0	0	393
0	0	0	0	0	0	0	394
0	0	0	0	0	0	0	395
0	0	0	0	0	0	0	396
0	0	0	0	0	0	0	397
0	0	0	0	0	0	0	398
0	0	0	0	0	0	0	399
0	0	0	0	0	0	0	400
0	0	0	0	0	0	0	401
0	0	0	0	0	0	0	402
0	0	0	0	0	0	0	403
0	0	0	0	0	0	0	404
0	0	0	0	0	0	0	405
0	0	0	0	0	0	0	406
0	0	0	0	0	0	0	407
0	0	0	0	0	0	0	408
0	0	0	0	0	0	0	409
0	0	0	0	0	0	0	410
0	0	0	0	0	0	0	411
0	0	0	0	0	0	0	412
0	0	0	0	0	0	0	413
0	0	0	0	0	0	0	414
0	0	0	0	0	0	0	415
0	0	0	0	0	0	0	416
0	0	0	0	0	0	0	417
0	0	0	0	0	0	0	418
0	0	0	0	0	0	0	419
0	0	0	0	0	0	0	420
0	0	0	0	0	0	0	421
0	0	0	0	0	0	0	422
0	0	0	0	0	0	0	423
0	0	0	0	0	0	0	424
0	0	0	0	0	0	0	425
0	0	0	0	0	0	0	426
0	0	0	0	0	0	0	427
0	0	0	0	0	0	0	428
0	0	0	0	0	0	0	429
0	0	0	0	0	0	0	430
0	0	0	0	0	0	0	431
0	0	0	0	0	0	0	432
0	0	0	0	0	0	0	433
0	0	0	0	0	0	0	434
0	0	0	0	0	0	0	435
0	0	0	0	0	0	0	436
0	0	0	0	0	0	0	437
0	0	0	0	0	0	0	438
0	0	0	0	0	0	0	439
0	0	0	0	0	0	0	440
0	0	0	0	0	0	0	441
0	0	0	0	0	0	0	442
0	0	0	0	0	0	0	443
0	0	0	0	0	0	0	444
0	0	0	0	0	0	0	445
0	0	0	0	0	0	0	446
0	0	0	0	0	0	0	447
0	0	0	0	0	0	0	448
0	0	0	0	0	0	0	449
0	0	0	0	0	0	0	450
0	0	0	0	0	0	0	451
0	0	0	0	0	0	0	452
0	0	0	0	0	0	0	453
0	0	0	0	0	0	0	454
0	0	0	0	0	0	0	455
0	0	0	0	0	0	0	456
0	0	0	0	0	0	0	457
0	0	0	0	0	0	0	458
0	0	0	0	0	0	0	459
0	0	0	0	0	0	0	460
0	0	0	0	0	0	0	461
0	0	0	0	0	0	0	462
0	0	0	0	0	0	0	463
0	0	0	0	0	0	0	464
0	0	0	0	0	0	0	465
0	0	0	0	0	0	0	466
0	0	0	0	0	0	0	467
0	0	0	0	0	0	0	468
0	0	0	0	0	0	0	469
0	0	0	0	0	0	0	470
0	0	0	0	0	0	0	471
0	0	0	0	0	0	0	472
0	0	0	0	0	0	0	473
0	0	0	0	0	0	0	474
0	0	0	0	0	0	0	475
0	0	0	0	0	0	0	476
0	0	0	0	0	0	0	477
0	0	0	0	0	0	0	478
0	0	0	0	0	0	0	479
0	0	0	0	0	0	0	480
0	0	0	0	0	0	0	481
0	0	0	0	0	0	0	482
0	0	0	0	0	0	0	483
0	0	0	0	0	0	0	484
0	0	0	0	0	0	0	485
0	0	0	0	0	0	0	486
0	0	0	0	0	0	0	487
0	0	0	0	0	0	0	488
0	0	0	0	0	0	0	489
0	0	0	0	0	0	0	490
0	0	0	0	0	0	0	491
0	0	0	0	0	0	0	492
0	0	0	0	0	0	0	493
0	0	0	0	0	0	0	494
0	0	0	0	0	0	0	495
0	0	0	0	0	0	0	496
0	0	0	0	0	0	0	497
0	0	0	0	0	0	0	498
0	0	0	0	0	0	0	499
0	0	0	0	0	0	0	500
0	0	0	0	0	0	0	501
0	0	0	0	0	0	0	502
0	0	0	0	0	0	0	503
0	0	0	0	0	0	0	504
0	0	0	0	0	0	0	505
0	0	0	0	0	0	0	506
0	0	0	0	0	0	0	507
0	0	0	0	0	0	0	508
0	0	0	0	0	0	0	509
0	0	0	0	0	0	0	510
0	0	0	0	0	0	0	511
0	0	0	0	0	0	0	512
0	0	0	0	0	0	0	513
0	0	0	0	0	0	0	514
0	0	0	0	0	0	0	515
0	0	0	0	0	0	0	516
0	0	0	0	0	0	0	517
0	0	0	0	0	0	0	518
0	0	0	0	0	0	0	519
0	0	0	0	0	0	0	520
0	0	0	0	0	0	0	521
0	0	0	0	0	0	0	522
0	0	0	0	0	0	0	523
0	0	0	0	0	0	0	524
0	0	0	0	0	0	0	525
0	0	0	0	0	0	0	526
0	0	0	0	0	0	0	527
0	0	0	0	0	0	0	528
0	0	0	0	0	0	0	529
0	0	0	0	0	0	0	530
0	0	0	0	0	0	0	531
0	0	0	0	0	0	0	532
0	0	0	0	0	0	0	533
0	0	0	0	0	0	0	534
0	0	0	0	0	0	0	535
0	0	0	0	0	0	0	536
0	0	0	0	0	0	0	537
0	0	0	0	0	0	0	538
0	0	0	0	0	0	0	539
0	0	0	0	0	0	0	540
0	0	0	0	0	0	0	541
0	0	0	0	0	0	0	542
0	0	0	0	0	0	0	543
0	0	0	0	0	0	0	544
0	0	0	0	0	0	0	545
0	0	0	0	0	0	0	546
0	0	0	0	0	0	0	547
0	0	0	0	0	0	0	548
0	0	0	0	0	0	0	549
0	0	0	0	0	0	0	550
0	0	0	0	0	0	0	551
0	0	0	0	0	0	0	552
0	0	0	0	0	0	0	553
0	0	0	0	0	0	0	554
0	0	0	0	0	0	0	555
0	0	0	0	0	0	0	556
0	0	0	0	0	0	0	557
0	0	0	0	0	0	0	558
0	0	0	0	0	0	0	559
0	0	0	0	0	0	0	560
0	0	0	0	0	0	0	561
0	0	0	0	0	0	0	562
0	0	0	0	0	0	0	563
0	0	0	0	0	0	0	564
0	0	0	0	0	0	0	565
0	0	0	0	0	0	0	566
0	0	0	0	0	0	0	567
0	0	0	0	0	0	0	568
0	0	0	0	0	0	0	569
0	0	0	0	0	0	0	570
0	0	0	0	0	0	0	571
0	0	0	0	0	0	0	572
0	0	0	0	0	0	0	573
0	0	0	0	0	0	0	574
0	0	0	0	0	0	0	575
0	0	0	0	0	0	0	576
0	0	0	0	0	0	0	577
0	0	0	0	0	0	0	578
0	0	0	0	0	0	0	579
0	0	0	0	0	0	0	580
0	0	0	0	0	0	0	581
0	0	0	0	0	0	0	582
0	0	0	0	0	0	0	583
0	0	0	0	0	0	0	584
0	0	0	0	0	0	0	585
0	0	0	0	0	0	0	586
0	0	0	0	0	0	0	587
0	0	0	0	0	0	0	588
0	0	0	0	0	0	0	589
0	0	0	0	0	0	0	590
0	0	0	0	0	0	0	591
0	0	0	0	0	0	0	592
0	0	0	0	0	0	0	593
0	0	0	0	0	0	0	594
0	0	0	0	0	0	0	595
0	0	0	0	0	0	0	596
0	0	0	0	0	0	0	597
0	0	0	0	0	0	0	598
0	0	0	0	0	0	0	599
0	0	0	0	0	0	0	600
0	0	0	0	0	0	0	601
0	0	0	0	0	0	0	602
0	0	0	0	0	0	0	603
0	0	0	0	0	0	0	604
0	0	0	0	0	0	0	605
0	0	0	0	0	0	0	606
0	0	0	0	0	0	0	607
0	0	0	0	0	0	0	608
0	0	0	0	0	0	0	609
0	0	0	0	0	0	0	610
0	0	0	0	0	0	0	611
0	0	0	0	0	0	0	612
0	0	0	0	0	0	0	613
0	0	0	0	0	0	0	614
0	0	0	0	0	0	0	615
0	0	0	0	0	0	0	616
0	0	0	0	0	0	0	617
0	0	0	0	0	0	0	618
0	0	0	0	0	0	0	619
0	0	0	0	0	0	0	620
0	0	0	0	0	0	0	621
0	0	0	0	0	0	0	622
0	0	0	0	0	0	0	623
0	0	0	0	0	0	0	624
0	0	0	0	0	0	0	625
0	0	0	0	0	0	0	626
0	0	0	0	0	0	0	627
0	0	0	0	0	0	0	628
0	0	0	0	0	0	0	629
0	0	0	0	0	0	0	630
0	0	0	0	0	0	0	631
0	0	0	0	0	0	0	632
0	0	0	0	0	0	0	633
0	0	0	0	0	0	0	634
0	0	0	0	0	0	0	635
0	0	0	0	0	0	0	636
0	0	0	0	0	0	0	637
0	0	0	0	0	0	0	638
0	0	0	0	0	0	0	639
0	0	0	0	0	0	0	640
0	0	0	0	0	0	0	641
0	0	0	0	0	0	0	642
0	0	0	0	0	0	0	643
0	0	0	0	0	0	0	644
0	0	0	0	0	0	0	645
0	0	0	0	0	0	0	646
0	0	0	0	0	0	0	647
0	0	0	0	0	0	0	648
0	0	0	0	0	0	0	649
0	0	0	0	0	0	0	650
0	0	0	0	0	0	0	651
0	0	0	0	0	0	0	652
0	0	0	0	0	0	0	653
0	0	0	0	0	0	0	654
0	0	0	0	0	0	0	655
0	0	0	0	0	0	0	656
0	0	0	0	0	0	0	657
0	0	0	0	0	0	0	658
0	0	0	0	0	0	0	659
0	0	0	0	0	0	0	660
0	0	0	0	0	0	0	661
0	0	0	0	0	0	0	662
0	0	0	0	0	0	0	663
0	0	0	0	0	0	0	664
0	0	0	0	0	0	0	665
0	0	0	0	0	0	0	666
0	0	0	0	0	0	0	667
0	0	0	0	0	0	0	668
0	0	0	0	0	0	0	669
0	0	0	0	0	0	0	670
0	0	0	0	0	0	0	671
0	0	0	0	0	0	0	672
0	0	0	0	0	0	0	673
0	0	0	0	0	0	0	674
0	0	0	0	0	0	0	675
0	0	0	0	0	0	0	676
0	0	0	0	0	0	0	677
0	0	0	0	0	0	0	678
0	0	0	0	0	0	0	679
0	0	0	0	0	0	0	680
0	0	0	0	0	0	0	681
0	0	0	0	0	0	0	682
0	0	0	0	0	0	0	683
0	0	0	0	0	0	0	684
0	0	0	0	0	0	0	685
0	0	0	0	0	0	0	686
0	0	0	0	0	0	0	687
0	0	0	0	0	0	0	688
0	0	0	0	0	0	0	689
0	0	0	0	0	0	0	690
0	0	0	0	0	0	0	691
0	0	0	0	0	0	0	692
0	0	0	0	0	0	0	693
0	0	0	0	0	0	0	694
0	0	0	0	0	0	0	695
0	0	0	0	0	0	0	696
0	0	0	0	0	0	0	697
0	0	0	0	0	0	0	698
0	0	0	0	0	0	0	699
0	0	0	0	0	0	0	700
0	0	0	0	0	0	0	701
0	0	0	0	0	0	0	702
0	0	0	0	0	0	0	703
0	0	0	0	0	0	0	704
0	0	0	0	0	0	0	705
0	0	0	0	0	0	0	706
0	0	0	0	0	0	0	707
0	0	0	0	0	0	0	708
0	0	0	0	0	0	0	709
0	0	0	0	0	0	0	710
0	0	0	0	0	0	0	711
0	0	0	0	0	0	0	712
0	0	0	0	0	0	0	713
0	0	0	0	0	0	0	714
0	0	0	0	0	0	0	715
0	0	0	0	0	0	0	716
0	0	0	0	0	0	0	717
0	0	0	0	0	0	0	718
0	0	0	0	0	0	0	719
0	0	0	0	0	0	0	720
0	0	0	0	0	0	0	721
0	0	0	0	0	0	0	722
0	0	0	0	0	0	0	723
0	0	0	0	0	0	0	724
0	0	0	0	0	0	0	725
0	0	0	0	0	0	0	726
0	0	0	0	0	0	0	727
0	0	0	0	0	0	0	728
0	0	0	0	0	0	0	729
0	0	0	0	0	0	0	730
0	0	0	0	0	0	0	731
0	0	0	0	0	0	0	732
0	0	0	0	0	0	0	733
0	0	0	0	0	0	0	734
0	0	0	0	0	0	0	735
0	0	0	0	0	0	0	736
0	0	0	0	0	0	0	737
0	0	0	0	0	0	0	738
0	0	0	0	0	0	0	739
0	0	0	0	0	0	0	740
0	0	0	0	0	0	0	741
0	0	0	0	0	0	0	742
0	0	0	0	0	0	0	743
0	0	0	0	0	0	0	744
0	0	0	0	0	0	0	745
0	0	0	0	0	0	0	746
0	0	0	0	0	0	0	747
0	0	0	0	0	0	0	748
0	0	0	0	0	0	0	749
0	0	0	0	0	0	0	750
0	0	0	0	0	0	0	751
0	0	0	0	0	0	0	752
0	0	0	0	0	0	0	753
0	0	0	0	0	0	0	754
0	0	0	0	0	0	0	755
0	0	0	0	0	0	0	756
0	0	0	0	0	0	0	757
0	0	0	0	0	0	0	758
0	0	0	0	0	0	0	759
0	0	0	0	0	0	0	760
0	0	0	0	0	0	0	761
0	0	0	0	0	0	0	762
0	0	0	0	0	0	0	763
0	0	0	0	0	0	0	764
0	0	0	0	0	0	0	765
0	0	0	0	0	0	0	766
0	0	0	0	0	0	0	767
0	0	0	0	0	0	0	768
0	0	0	0	0	0	0	769
0	0	0	0	0	0	0	770
0	0	0	0	0	0	0	771
0	0	0	0	0	0	0	772
0	0	0	0	0	0	0	773
0	0	0	0	0	0	0	774
0	0	0	0	0	0	0	775
0	0	0	0	0	0	0	776
0	0	0	0	0	0	0	777
0	0	0	0	0	0	0	778
0	0	0	0	0	0	0	779
0	0	0	0	0	0	0	780
0	0	0	0	0	0	0	781
0	0	0	0	0	0	0	782
0	0	0	0	0	0	0	783
0	0	0	0	0	0	0	784
0	0	0	0	0	0	0	785
0	0	0	0	0	0	0	786
0	0	0	0	0	0	0	787
0	0	0	0	0	0	0	788
0	0	0	0	0	0	0	789
0	0	0	0	0	0	0	790
0	0	0	0	0	0	0	791
0	0	0	0	0	0	0	792
0	0	0	0	0	0	0	793
0	0	0	0	0	0	0	794
0	0	0	0	0	0	0	795
0	0	0	0	0	0	0	796
0	0	0	0	0	0	0	797
0	0	0	0	0	0	0	798
0	0	0	0	0	0	0	799
0	0	0	0	0	0	0	800
0	0	0	0	0	0	0	801
0	0	0	0	0	0	0	802
0	0	0	0	0	0	0	803
0	0	0	0	0	0	0	804
0	0	0	0	0	0	0	805
0	0	0	0	0	0	0	806
0	0	0	0	0	0	0	807
0	0	0	0	0	0	0	808
0	0	0	0	0	0	0	809
0	0	0	0	0	0	0	810
0	0	0	0	0	0	0	811
0	0	0	0	0	0	0	812
0	0	0	0	0	0	0	813
0	0	0	0	0	0	0	814
0	0	0	0	0	0	0	815
0	0	0	0	0	0	0	816
0	0	0	0	0	0	0	817
0	0	0	0	0	0	0	818
0	0	0	0	0	0	0	819
0	0	0	0	0	0	0	820
0	0	0	0	0	0	0	821
0	0	0	0	0	0	0	822
0	0	0	0	0	0	0	823
0	0	0	0	0	0	0	824
0	0	0	0	0	0	0	825
0	0	0	0	0	0	0	826
0	0	0	0	0	0	0	827
0	0	0	0	0	0	0	828
0	0	0	0	0	0	0	829
0	0	0	0	0	0	0	830
0	0	0	0	0	0	0	831
0	0	0	0	0	0	0	832
0	0	0	0	0	0	0	833
0	0	0	0	0	0	0	834
0	0	0	0	0	0	0	835
0	0	0	0	0	0	0	836
0	0	0	0	0	0	0	837
0	0	0	0	0	0	0	838
0	0	0	0	0	0	0	839
0	0	0	0	0	0	0	840
0	0	0	0	0	0	0	841
0	0	0	0	0	0	0	842
0	0	0	0	0	0	0	843
0	0	0	0	0	0	0	844
0	0	0	0	0	0	0	845
0	0	0	0	0	0	0	846
0	0	0	0	0	0	0	847
0	0	0	0	0	0	0	848
0	0	0	0	0	0	0	849
0	0	0	0	0	0	0	850
0	0	0	0	0	0	0	851
0	0	0	0	0	0	0	852
0	0	0	0	0	0	0	853
0	0	0	0	0	0	0	854
0	0	0	0	0	0	0	855
0	0	0	0	0	0	0	856
0	0	0	0	0	0	0	857
0	0	0	0	0	0	0	858
0	0	0	0	0	0	0	859
0	0	0	0	0	0	0	860
0	0	0	0	0	0	0	861
0	0	0	0	0	0	0	862
0	0	0	0	0	0	0	863
0	0	0	0	0	0	0	864
0	0	0	0	0	0	0	865
0	0	0	0	0	0	0	866
0	0	0	0	0	0	0	867
0	0	0	0	0	0	0	868
0	0	0	0	0	0	0	869
0	0	0	0	0	0	0	870
0	0	0	0	0	0	0	871
0	0	0	0	0	0	0	872
0	0	0	0	0	0	0	873
0	0	0	0	0	0	0	874
0	0	0	0	0	0	0	875
0	0	0	0	0	0	0	876
0	0	0	0	0	0	0	877
0	0	0	0	0	0	0	878
0	0	0	0	0	0	0	879
0	0	0	0	0	0	0	880
0	0	0	0	0	0	0	881
0	0	0	0	0	0	0	882
0	0	0	0	0	0	0	883
0	0	0	0	0	0	0	884
0	0	0	0	0	0	0	885
0	0	0	0	0	0	0	886
0	0	0	0	0	0	0	887
0	0	0	0	0	0	0	888
0	0	0	0	0	0	0	889
0	0	0	0	0	0	0	890
0	0	0	0	0	0	0	891
0	0	0	0	0	0	0	892
0	0	0	0	0	0	0	893
0	0	0	0	0	0	0	894
0	0	0	0	0	0	0	895
0	0	0	0	0	0	0	896
0	0	0	0	0	0	0	897
0	0	0	0	0	0	0	898
0	0	0	0	0	0	0	899
0	0	0	0	0	0	0	900
0	0	0	0	0	0	0	901
0	0	0	0	0	0	0	902
0	0	0	0	0	0	0	903
0	0	0	0	0	0	0	904
0	0	0	0	0	0	0	905
0	0	0	0	0	0	0	906
0	0	0	0	0	0	0	907
0	0	0	0	0	0	0	908
0	0	0	0	0	0	0	909
0	0	0	0	0	0	0	910
0	0	0	0	0	0	0	911
0	0	0	0	0	0	0	912
0	0	0	0	0	0	0	913
0	0	0	0	0	0	0	914
0	0	0	0	0	0	0	915
0	0	0	0	0	0	0	916
0	0	0	0	0	0	0	917
0	0	0	0	0	0	0	918
0	0	0	0	0	0	0	919
0	0	0	0	0	0	0	920
0	0	0	0	0	0	0	921
0	0	0	0	0	0	0	922
0	0	0	0	0	0	0	923
0	0	0	0	0	0	0	924
0	0	0	0	0	0	0	925
0	0	0	0	0	0	0	926
0	0	0	0	0	0	0	927
0	0	0	0	0	0	0	928
0	0	0	0	0	0	0	929
0	0	0	0	0	0	0	930
0	0	0	0	0	0	0	931
0	0	0	0	0	0	0	932
0	0	0	0	0	0	0	933
0	0	0	0	0	0	0	934
0	0	0	0	0	0	0	935
0	0	0	0	0	0	0	936
0	0	0	0	0	0	0	937
0	0	0	0	0	0	0	938
0	0	0	0	0	0	0	939
0	0	0	0	0	0	0	940
0	0	0	0	0	0	0	941
0	0	0	0	0	0	0	942
0	0	0	0	0	0	0	943
0	0	0	0	0	0	0	944
0	0	0	0	0	0	0	945
0	0	0	0	0	0	0	946
0	0	0	0	0	0	0	947
0	0	0	0	0	0	0	948
0	0	0	0	0	0	0	949
0	0	0	0	0	0	0	950
0	0	0	0	0	0	0	951
0	0	0	0	0	0	0	952
0	0	0	0	0	0	0	953
0	0	0	0	0	0	0	954
0	0	0	0	0	0	0	955
0	0	0	0	0	0	0	956
1	22	151	60	197	96	1656	957
1	22	149	60	196	99	1833	958
1	22	150	60	206	124	3584	959
1	22	149	60	198	102	2058	960
1	22	148	60	198	107	2350	961
1	22	145	60	199	109	2646	962
1	22	144	60	201	111	2907	963
1	22	145	60	209	126	4224	964
1	22	146	60	205	116	3304	965
1	22	148	60	208	121	3660	966
1	22	151	60	224	151	6643	967
1	22	153	60	227	157	7178	968
1	22	153	60	231	170	8580	969
1	22	156	60	239	184	10292	970
1	22	158	60	242	187	10668	971
1	22	161	77	246	187	9350	972
1	22	162	61	247	186	10625	973
1	22	161	62	248	187	10875	974
1	22	163	64	250	187	10701	975
1	22	165	68	257	189	11132	976
1	22	170	72	264	198	11844	977
1	22	173	78	270	208	12610	978
1	22	178	84	276	218	13132	979
1	22	183	91	274	219	11648	980
1	22	189	97	275	220	10578	981
1	22	193	104	276	221	9711	982
1	22	196	112	276	222	8800	983
1	22	200	122	279	228	8374	984
1	22	204	134	290	238	8944	985
1	22	207	148	293	251	8858	986
1	22	210	165	297	266	8787	987
1	22	211	184	300	272	7832	988
1	22	213	196	305	276	7360	989
1	22	214	201	306	292	8372	990
1	22	215	211	303	311	8800	991
1	22	216	225	302	329	8944	992
1	22	220	248	305	357	9265	993
1	22	224	250	306	368	9676	994
1	22	231	250	308	376	9702	995
1	22	232	252	311	383	10349	996
1	22	237	253	314	392	10703	997
1	22	242	259	317	399	10500	998
1	22	244	293	320	406	8588	999
1	22	247	283	323	410	9652	1000
1	22	251	296	325	410	8436	1001
1	22	255	297	328	410	8249	1002
1	22	264	318	333	410	6348	1003
1	22	269	322	337	410	5984	1004
1	22	275	326	343	410	5712	1005
1	22	281	326	346	410	5460	1006
1	22	286	324	351	410	5590	1007
1	22	286	324	358	410	6192	1008
1	22	302	316	371	410	6486	1009
1	22	310	341	383	410	5037	1010
1	22	315	334	389	410	5624	1011
1	22	320	331	395	410	5925	1012
1	22	326	327	401	410	6225	1013
1	22	329	325	406	410	6545	1014
1	22	332	324	411	407	6557	1015
1	22	335	321	416	404	6723	1016
1	22	330	307	421	398	8281	1017
1	22	341	308	426	393	7225	1018
1	22	346	304	429	387	6889	1019
1	22	348	300	433	382	6970	1020
1	22	350	304	439	375	6319	1021
1	22	353	297	443	367	6300	1022
1	22	356	286	449	360	6882	1023
1	22	354	277	450	354	7392	1024
1	22	347	273	450	346	7519	1025
1	22	350	267	450	339	7200	1026
1	22	353	259	450	330	6887	1027
1	22	354	247	450	322	7200	1028
1	22	354	239	450	312	7008	1029
1	22	355	234	450	303	6555	1030
1	22	355	224	450	295	6745	1031
1	22	353	222	450	291	6693	1032
1	22	349	218	450	283	6565	1033
1	22	348	216	450	277	6222	1034
1	22	349	208	450	264	5656	1035
1	22	352	198	450	260	6076	1036
1	22	349	188	450	251	6363	1037
1	22	345	176	450	250	7770	1038
1	22	347	168	450	249	8343	1039
1	22	346	157	450	246	9256	1040
1	22	346	147	450	240	9672	1041
1	22	344	138	450	229	9646	1042
1	22	341	127	450	226	10791	1043
1	22	340	117	450	214	10670	1044
1	22	336	108	450	209	11514	1045
1	22	332	101	445	203	11526	1046
1	22	332	94	439	201	11449	1047
1	22	330	87	433	198	11433	1048
1	22	329	81	427	194	11074	1049
1	22	328	72	421	189	10881	1050
1	22	328	66	416	175	9592	1051
1	22	328	60	412	168	9072	1052
1	22	326	60	407	159	8019	1053
1	22	325	60	404	156	7584	1054
1	22	323	60	402	153	7347	1055
1	22	320	60	391	151	6461	1056
1	22	318	61	388	148	6090	1057
1	22	317	60	385	143	5644	1058
1	22	316	60	380	137	4928	1059
1	22	315	60	382	128	4556	1060
1	22	314	60	383	121	4209	1061
1	22	312	60	381	116	3864	1062
1	22	306	60	376	114	3780	1063
1	22	315	60	359	108	2112	1064
1	22	302	60	355	106	2438	1065
1	22	313	60	350	104	1628	1066
1	22	313	60	350	104	1628	1067
1	22	313	60	350	104	1628	1068
1	22	313	60	350	104	1628	1069
1	22	313	60	350	104	1628	1070
1	22	313	60	350	104	1628	1071
1	22	313	60	350	104	1628	1072
0	0	0	0	0	0	0	1073
0	0	0	0	0	0	0	1074
0	0	0	0	0	0	0	1075
0	0	0	0	0	0	0	1076
0	0	0	0	0	0	0	1077
0	0	0	0	0	0	0	1078
0	0	0	0	0	0	0	1079
0	0	0	0	0	0	0	1080
0	0	0	0	0	0	0	1081
0	0	0	0	0	0	0	1082
0	0	0	0	0	0	0	1083
0	0	0	0	0	0	0	1084
0	0	0	0	0	0	0	1085
0	0	0	0	0	0	0	1086
0	0	0	0	0	0	0	1087
0	0	0	0	0	0	0	1088
0	0	0	0	0	0	0	1089
0	0	0	0	0	0	0	1090
0	0	0	0	0	0	0	1091
0	0	0	0	0	0	0	1092
0	0	0	0	0	0	0	1093
0	0	0	0	0	0	0	1094
0	0	0	0	0	0	0	1095
0	0	0	0	0	0	0	1096
0	0	0	0	0	0	0	1097
0	0	0	0	0	0	0	1098
0	0	0	0	0	0	0	1099
0	0	0	0	0	0	0	1100
0	0	0	0	0	0	0	1101
0	0	0	0	0	0	0	1102
0	0	0	0	0	0	0	1103
0	0	0	0	0	0	0	1104
0	0	0	0	0	0	0	1105
0	0	0	0	0	0	0	1106
0	0	0	0	0	0	0	1107
0	0	0	0	0	0	0	1108
0	0	0	0	0	0	0	1109
0	0	0	0	0	0	0	1110
0	0	0	0	0	0	0	1111
0	0	0	0	0	0	0	1112
0	0	0	0	0	0	0	1113
0	0	0	0	0	0	0	1114
0	0	0	0	0	0	0	1115
0	0	0	0	0	0	0	1116
0	0	0	0	0	0	0	1117
0	0	0	0	0	0	0	1118
0	0	0	0	0	0	0	1119
0	0	0	0	0	0	0	1120
0	0	0	0	0	0	0	1121
0	0	0	0	0	0	0	1122
0	0	0	0	0	0	0	1123
0	0	0	0	0	0	0	1124
0	0	0	0	0	0	0	1125
0	0	0	0	0	0	0	1126
0	0	0	0	0	0	0	1127
0	0	0	0	0	0	0	1128
0	0	0	0	0	0	0	1129
0	0	0	0	0	0	0	1130
0	0	0	0	0	0	0	1131
0	0	0	0	0	0	0	1132
0	0	0	0	0	0	0	1133
0	0	0	0	0	0	0	1134
0	0	0	0	0	0	0	1135
0	0	0	0	0	0	0	1136
0	0	0	0	0	0	0	1137
0	0	0	0	0	0	0	1138
0	0	0	0	0	0	0	1139
0	0	0	0	0	0	0	1140
0	0	0	0	0	0	0	1141
0	0	0	0	0	0	0	1142
0	0	0	0	0	0	0	1143
0	0	0	0	0	0	0	1144
0	0	0	0	0	0	0	1145
0	0	0	0	0	0	0	1146
0	0	0	0	0	0	0	1147
0	0	0	0	0	0	0	1148
0	0	0	0	0	0	0	1149
0	0	0	0	0	0	0	1150
0	0	0	0	0	0	0	1151
0	0	0	0	0	0	0	1152
0	0	0	0	0	0	0	1153
0	0	0	0	0	0	0	1154
0	0	0	0	0	0	0	1155
0	0	0	0	0	0	0	1156
0	0	0	0	0	0	0	1157
0	0	0	0	0	0	0	1158
0	0	0	0	0	0	0	1159
0	0	0	0	0	0	0	1160
0	0	0	0	0	0	0	1161
0	0	0	0	0	0	0	1162
0	0	0	0	0	0	0	1163
0	0	0	0	0	0	0	1164
0	0	0	0	0	0	0	1165
0	0	0	0	0	0	0	1166
0	0	0	0	0	0	0	1167
0	0	0	0	0	0	0	1168
0	0	0	0	0	0	0	1169
0	0	0	0	0	0	0	1170
0	0	0	0	0	0	0	1171
0	0	0	0	0	0	0	1172
0	0	0	0	0	0	0	1173
0	0	0	0	0	0	0	1174
0	0	0	0	0	0	0	1175
0	0	0	0	0	0	0	1176
0	0	0	0	0	0	0	1177
0	0	0	0	0	0	0	1178
0	0	0	0	0	0	0	1179
0	0	0	0	0	0	0	1180
0	0	0	0	0	0	0	1181
0	0	0	0	0	0	0	1182
0	0	0	0	0	0	0	1183
0	0	0	0	0	0	0	1184
0	0	0	0	0	0	0	1185
0	0	0	0	0	0	0	1186
0	0	0	0	0	0	0	1187
0	0	0	0	0	0	0	1188
0	0	0	0	0	0	0	1189
0	0	0	0	0	0	0	1190
0	0	0	0	0	0	0	1191
0	0	0	0	0	0	0	1192
1	23	228	60	266	104	1672	1193
1	23	228	60	266	104	1672	1194
1	24	229	60	267	102	1596	1195
1	24	229	60	267	105	1710	1196
1	24	228	60	267	105	1755	1197
1	24	228	60	268	106	1840	1198
1	24	217	60	269	113	2756	1199
1	24	216	60	269	131	3763	1200
1	24	215	60	270	135	4125	1201
1	24	215	60	272	134	4218	1202
1	24	216	60	274	150	5220	1203
1	24	218	60	277	134	4366	1204
1	24	224	60	280	159	5544	1205
1	24	220	60	282	132	4464	1206
1	24	223	63	288	165	6630	1207
1	24	224	65	288	171	6784	1208
1	24	226	70	290	184	7296	1209
1	24	226	75	293	197	8174	1210
1	24	226	60	289	206	9198	1211
1	24	226	60	287	205	8845	1212
1	24	225	67	289	208	9024	1213
1	24	225	108	296	210	7242	1214
1	24	225	79	299	213	9916	1215
1	24	225	85	303	213	9984	1216
1	24	225	92	304	218	9954	1217
2	24	225	101	306	221	9720	1218
2	25	108	60	175	86	1742	1218
2	24	226	112	310	233	10164	1219
2	25	106	60	173	88	1876	1219
2	24	228	125	312	243	9912	1220
2	25	106	60	173	88	1876	1220
2	24	232	139	315	253	9462	1221
2	25	106	60	173	88	1876	1221
2	24	235	155	319	255	8400	1222
2	26	117	60	167	98	1900	1222
2	24	239	171	324	237	5610	1223
2	26	103	60	163	99	2340	1223
2	24	242	188	328	258	6020	1224
2	26	101	60	161	101	2460	1224
2	24	244	205	331	274	6003	1225
2	26	99	60	160	103	2623	1225
2	24	246	218	333	292	6438	1226
2	26	97	60	158	107	2867	1226
2	24	249	235	335	322	7482	1227
2	26	93	61	153	110	2940	1227
2	24	253	235	335	334	8118	1228
2	26	91	64	152	115	3111	1228
2	24	254	236	334	346	8800	1229
2	26	89	66	150	116	3050	1229
2	24	266	238	332	357	7854	1230
2	26	87	69	149	122	3286	1230
2	24	254	240	330	367	9652	1231
2	26	85	72	146	122	3050	1231
2	24	255	241	330	376	10125	1232
2	26	84	75	144	120	2700	1232
2	24	260	252	329	385	9177	1233
2	26	82	79	143	123	2684	1233
2	24	261	262	328	393	8777	1234
2	26	80	82	140	127	2700	1234
2	24	261	284	325	406	7808	1235
2	26	77	88	137	136	2880	1235
2	24	258	287	323	410	7995	1236
2	26	80	92	136	148	3136	1236
2	24	259	302	320	410	6588	1237
2	26	75	94	136	149	3355	1237
2	24	261	306	318	410	5928	1238
2	26	76	96	136	149	3180	1238
2	24	255	315	315	410	5700	1239
2	26	73	99	136	152	3339	1239
2	24	257	317	312	410	5115	1240
2	26	65	100	134	152	3588	1240
2	24	258	320	308	410	4500	1241
2	26	64	103	128	147	2816	1241
2	24	256	320	304	410	4320	1242
2	26	62	105	128	150	2970	1242
2	24	253	324	301	410	4128	1243
2	26	61	107	125	155	3072	1243
2	24	251	324	299	410	4128	1244
2	26	60	110	119	158	2832	1244
2	24	248	316	297	410	4606	1245
2	26	58	113	122	166	3392	1245
2	24	244	318	295	410	4692	1246
2	26	57	115	124	167	3484	1246
2	24	240	314	294	410	5184	1247
2	26	56	117	120	169	3328	1247
2	24	235	334	292	410	4332	1248
2	26	54	120	113	168	2832	1248
2	24	230	336	289	410	4366	1249
2	26	52	122	112	170	2880	1249
2	24	224	335	285	410	4575	1250
2	26	51	125	114	173	3024	1250
2	24	219	336	280	410	4514	1251
2	26	51	127	119	177	3400	1251
2	24	215	333	275	410	4620	1252
2	26	49	129	111	188	3658	1252
2	24	209	331	269	410	4740	1253
2	26	49	131	109	188	3420	1253
2	24	205	312	267	410	6076	1254
2	26	47	133	108	206	4453	1254
2	24	200	311	261	410	6039	1255
2	26	47	134	108	207	4453	1255
2	24	195	308	257	410	6324	1256
2	26	46	135	109	204	4347	1256
2	24	190	305	254	410	6720	1257
2	26	45	136	108	206	4410	1257
2	24	185	307	254	410	7107	1258
2	26	44	138	110	214	5016	1258
2	24	179	307	254	410	7725	1259
2	26	44	139	107	211	4536	1259
2	24	173	284	253	408	9920	1260
2	26	43	140	108	211	4615	1260
2	24	171	281	254	403	10126	1261
2	26	43	140	109	218	5148	1261
2	24	159	278	253	396	11092	1262
2	26	43	141	108	215	4810	1262
2	24	152	266	254	389	12546	1263
2	26	42	142	107	219	5005	1263
2	24	145	262	253	382	12960	1264
2	26	42	143	107	218	4875	1264
2	24	139	258	254	376	13570	1265
2	26	41	144	108	219	5025	1265
2	24	134	254	254	369	13800	1266
2	26	41	146	106	218	4680	1266
2	24	130	252	254	362	13640	1267
2	26	41	146	106	216	4550	1267
2	24	127	248	255	354	13568	1268
2	26	41	145	106	217	4680	1268
2	24	125	237	256	345	14148	1269
2	26	41	146	107	211	4290	1269
2	24	124	229	256	336	14124	1270
2	26	41	145	106	212	4355	1270
2	24	124	224	255	327	13493	1271
2	26	40	146	106	209	4158	1271
2	24	124	223	253	319	12384	1272
2	26	43	144	107	205	3904	1272
2	24	124	223	232	301	8424	1273
2	26	44	143	107	207	4032	1273
2	24	123	222	233	293	7810	1274
2	26	45	143	107	210	4154	1274
2	24	123	217	233	285	7480	1275
2	26	45	143	107	212	4278	1275
2	24	125	211	237	277	7392	1276
2	26	46	142	105	215	4307	1276
2	24	128	199	241	272	8249	1277
2	26	45	142	105	217	4500	1277
2	24	132	194	246	268	8436	1278
2	26	44	142	104	218	4560	1278
2	24	137	194	252	263	7935	1279
2	26	44	143	103	220	4543	1279
2	24	142	190	255	260	7910	1280
2	26	43	142	103	221	4740	1280
2	24	149	183	256	257	7918	1281
2	26	42	142	104	222	4960	1281
2	24	155	176	256	253	7777	1282
2	26	42	143	103	224	4941	1282
2	24	163	170	257	249	7426	1283
2	26	41	143	103	226	5146	1283
2	24	172	166	261	247	7209	1284
2	26	40	143	103	228	5355	1284
2	24	195	160	273	245	6630	1285
2	26	40	144	103	233	5607	1285
2	24	207	162	280	246	6132	1286
2	26	40	144	103	235	5733	1286
2	24	216	167	289	249	5986	1287
2	26	40	145	104	237	5888	1287
2	24	224	171	295	254	5893	1288
2	26	40	145	104	238	5952	1288
2	24	228	188	306	258	5460	1289
2	26	40	146	104	239	5952	1289
2	24	230	184	318	267	7304	1290
2	26	40	146	104	240	6016	1290
2	24	236	192	328	278	7912	1291
2	26	40	146	104	241	6080	1291
3	24	257	206	349	297	8372	1292
3	26	41	147	104	195	3024	1292
3	27	40	194	92	241	2444	1292
3	24	270	213	358	306	8184	1293
3	26	41	147	103	196	3038	1293
3	27	40	195	91	242	2397	1293
3	24	268	220	366	315	9310	1294
3	26	41	147	103	196	3038	1294
3	27	40	195	83	242	2021	1294
3	24	269	226	372	323	9991	1295
3	26	41	147	104	197	3150	1295
3	27	40	196	83	242	1978	1295
3	24	270	225	377	331	11342	1296
3	26	40	148	104	242	6016	1296
3	27	40	196	83	242	1978	1296
3	24	272	224	382	339	12650	1297
3	26	40	148	104	242	6016	1297
3	27	40	196	83	242	1978	1297
3	24	275	229	388	347	13334	1298
3	26	40	148	104	242	6016	1298
3	27	40	196	83	242	1978	1298
3	24	279	235	392	355	13560	1299
3	26	41	148	104	199	3213	1299
3	28	40	196	82	242	1932	1299
3	24	286	245	397	364	13209	1300
3	26	41	149	104	198	3087	1300
3	28	40	196	91	242	2346	1300
3	24	295	258	399	371	11752	1301
3	26	40	149	103	241	5796	1301
3	28	40	196	91	242	2346	1301
3	24	305	268	400	379	10545	1302
3	26	40	149	104	241	5888	1302
3	28	40	196	91	242	2346	1302
2	24	309	268	399	385	10530	1303
2	26	40	149	104	241	5888	1303
2	24	321	288	397	391	7828	1304
2	26	40	149	103	241	5796	1304
2	24	313	293	394	396	8343	1305
2	26	40	150	104	242	5888	1305
2	24	319	301	393	402	7474	1306
2	26	40	150	104	240	5760	1306
2	24	321	311	390	407	6624	1307
2	26	40	150	104	240	5760	1307
2	24	318	324	389	410	6106	1308
2	26	40	150	104	239	5696	1308
2	24	314	309	389	410	7575	1309
2	26	40	150	103	239	5607	1309
2	24	315	317	389	410	6882	1310
2	26	40	150	103	240	5670	1310
2	24	321	335	387	410	4950	1311
2	26	40	150	103	240	5670	1311
2	24	321	342	385	410	4352	1312
2	26	40	149	103	241	5796	1312
2	24	322	348	383	410	3782	1313
2	26	40	149	103	241	5796	1313
2	24	322	351	381	410	3481	1314
2	26	40	149	103	242	5859	1314
3	24	320	352	380	410	3480	1315
3	26	41	149	103	200	3162	1315
3	29	40	195	88	242	2256	1315
3	24	318	352	379	410	3538	1316
3	26	40	149	103	243	5922	1316
3	29	40	195	88	242	2256	1316
3	24	320	368	379	410	2478	1317
3	26	41	148	102	198	3050	1317
3	30	40	195	86	241	2116	1317
3	24	318	371	377	410	2301	1318
3	26	41	147	103	199	3224	1318
3	30	40	195	85	241	2070	1318
3	24	317	374	376	410	2124	1319
3	26	41	146	103	198	3224	1319
3	30	40	196	85	241	2025	1319
3	24	317	377	374	410	1881	1320
3	26	42	145	103	197	3172	1320
3	30	40	196	83	241	1935	1320
3	24	316	379	371	410	1705	1321
3	26	43	144	104	196	3172	1321
3	30	40	196	83	241	1935	1321
3	24	316	379	371	410	1705	1322
3	26	43	143	104	195	3172	1322
3	30	40	196	88	243	2256	1322
3	24	316	379	371	410	1705	1323
3	26	44	142	104	192	3000	1323
3	30	40	196	88	242	2208	1323
3	24	316	379	371	410	1705	1324
3	26	45	141	104	191	2950	1324
3	30	40	196	83	241	1935	1324
3	24	316	379	371	410	1705	1325
3	26	46	140	105	189	2891	1325
3	30	40	196	87	241	2115	1325
3	24	307	367	355	410	2064	1326
3	26	47	139	105	188	2842	1326
3	30	40	196	88	242	2208	1326
3	24	307	367	355	410	2064	1327
3	26	48	138	105	185	2679	1327
3	30	40	196	88	242	2208	1327
3	24	307	367	355	410	2064	1328
3	26	48	136	105	184	2736	1328
3	30	40	196	87	241	2115	1328
3	24	307	367	355	410	2064	1329
3	26	49	136	105	184	2688	1329
3	30	40	196	88	243	2256	1329
3	24	307	367	355	410	2064	1330
3	26	64	139	105	184	1845	1330
3	30	40	196	89	244	2352	1330
3	24	307	367	355	410	2064	1331
3	26	62	138	106	184	2024	1331
3	30	40	196	83	241	1935	1331
3	24	307	367	355	410	2064	1332
3	26	62	137	107	183	2070	1332
3	30	40	196	85	241	2025	1332
2	26	62	136	107	183	2115	1333
2	30	40	196	86	241	2070	1333
2	26	63	134	108	181	2115	1334
2	30	40	196	85	241	2025	1334
2	26	52	126	108	181	3080	1335
2	30	40	196	87	242	2162	1335
2	26	54	125	108	180	2970	1336
2	30	40	196	86	241	2070	1336
2	26	54	123	108	179	3024	1337
2	30	40	196	86	241	2070	1337
2	26	55	122	109	178	3024	1338
2	30	40	196	84	241	1980	1338
2	26	54	120	109	178	3190	1339
2	30	40	196	87	241	2115	1339
2	26	55	119	111	178	3304	1340
2	30	40	196	86	241	2070	1340
2	26	55	118	111	176	3248	1341
2	30	40	196	86	241	2070	1341
2	26	56	117	111	176	3245	1342
2	30	40	196	86	241	2070	1342
2	26	55	117	111	177	3360	1343
2	30	40	196	88	242	2208	1343
2	26	56	116	112	178	3472	1344
2	30	40	196	82	241	1890	1344
2	26	56	116	112	179	3528	1345
2	30	40	196	86	241	2070	1345
2	26	56	116	112	179	3528	1346
2	30	40	196	88	242	2208	1346
2	26	56	116	114	179	3654	1347
2	30	40	196	86	241	2070	1347
2	26	56	116	114	177	3538	1348
2	30	40	196	86	241	2070	1348
2	26	56	116	114	174	3364	1349
2	30	40	196	86	241	2070	1349
2	26	56	117	114	179	3596	1350
2	30	40	196	88	243	2256	1350
2	26	57	117	115	178	3538	1351
2	30	40	196	84	241	1980	1351
2	26	56	117	114	176	3422	1352
2	30	40	196	87	241	2115	1352
2	26	57	117	114	177	3420	1353
2	30	40	196	84	241	1980	1353
2	26	56	118	114	174	3248	1354
2	30	40	196	86	241	2070	1354
2	26	57	118	114	175	3249	1355
2	30	40	196	86	241	2070	1355
2	26	57	119	114	177	3306	1356
2	30	40	196	86	241	2070	1356
2	26	56	119	114	174	3190	1357
2	30	40	196	86	241	2070	1357
2	26	56	119	114	174	3190	1358
2	30	40	196	84	241	1980	1358
2	26	55	120	115	170	3000	1359
2	30	40	196	84	241	1980	1359
2	26	56	120	115	169	2891	1360
2	30	40	196	82	241	1890	1360
2	26	56	120	116	169	2940	1361
2	30	40	196	84	242	2024	1361
2	26	56	120	116	168	2880	1362
2	30	40	197	86	242	2070	1362
2	26	56	120	116	168	2880	1363
2	30	40	197	87	243	2162	1363
2	26	56	120	117	168	2928	1364
2	30	40	198	84	243	1980	1364
2	26	56	119	117	167	2928	1365
2	30	40	199	86	244	2070	1365
2	26	57	119	117	163	2640	1366
2	30	40	199	84	244	1980	1366
2	26	57	119	108	165	2346	1367
2	30	40	200	87	245	2115	1367
2	26	58	118	106	162	2112	1368
2	30	40	201	87	246	2115	1368
2	26	63	117	105	159	1764	1369
2	30	40	202	87	247	2115	1369
2	26	63	117	105	159	1764	1370
2	30	40	204	86	248	2024	1370
2	26	63	117	105	159	1764	1371
2	30	40	205	86	249	2024	1371
2	26	63	117	105	159	1764	1372
2	30	40	205	87	250	2115	1372
2	26	63	117	105	159	1764	1373
2	30	40	206	85	250	1980	1373
2	26	63	117	105	159	1764	1374
2	30	40	206	86	251	2070	1374
2	26	63	117	105	159	1764	1375
2	30	40	206	86	251	2070	1375
2	30	40	207	87	251	2068	1376
2	31	62	115	107	161	2070	1376
2	30	40	207	86	252	2070	1377
2	31	62	115	107	161	2070	1377
2	30	40	208	86	252	2024	1378
2	32	62	116	119	163	2679	1378
2	30	40	208	85	252	1980	1379
2	32	62	117	118	163	2576	1379
2	30	40	208	86	252	2024	1380
2	32	65	120	118	163	2279	1380
2	30	40	208	85	252	1980	1381
2	32	65	121	118	165	2332	1381
2	30	40	208	85	252	1980	1382
2	32	66	122	118	164	2184	1382
2	30	40	208	86	253	2070	1383
2	32	59	119	116	174	3135	1383
2	30	40	208	85	253	2025	1384
2	32	59	120	116	177	3249	1384
2	30	40	209	85	253	1980	1385
2	32	58	120	115	176	3192	1385
2	30	40	208	85	253	2025	1386
2	32	57	120	115	179	3422	1386
2	30	40	208	85	253	2025	1387
2	32	57	121	115	178	3306	1387
2	30	40	209	85	253	1980	1388
2	32	56	122	112	178	3136	1388
2	30	40	208	85	253	2025	1389
2	32	55	122	112	178	3192	1389
2	30	40	209	85	253	1980	1390
2	32	55	123	111	179	3136	1390
2	30	40	209	86	253	2024	1391
2	32	55	123	110	179	3080	1391
2	30	40	209	85	253	1980	1392
2	32	54	124	109	179	3025	1392
2	30	40	209	86	253	2024	1393
2	32	54	125	109	180	3025	1393
2	30	40	209	85	254	2025	1394
2	32	53	126	108	179	2915	1394
2	30	40	209	86	253	2024	1395
2	32	52	128	107	179	2805	1395
2	30	40	208	87	252	2068	1396
2	32	52	128	108	180	2912	1396
2	30	40	208	86	251	1978	1397
2	32	51	130	108	180	2850	1397
2	30	40	208	86	251	1978	1398
2	32	49	131	106	180	2793	1398
2	30	40	208	86	251	1978	1399
2	32	49	132	106	181	2793	1399
2	30	40	209	87	251	1974	1400
2	32	48	133	106	181	2784	1400
2	30	40	209	86	252	1978	1401
2	32	48	133	105	181	2736	1401
2	30	40	209	86	252	1978	1402
2	32	47	134	105	182	2784	1402
2	30	40	209	87	252	2021	1403
2	32	47	135	105	182	2726	1403
2	30	40	209	86	256	2162	1404
2	32	47	136	105	182	2668	1404
2	30	40	209	86	251	1932	1405
2	32	46	136	106	182	2760	1405
2	30	40	209	86	255	2116	1406
2	32	45	137	105	183	2760	1406
2	30	40	209	86	256	2162	1407
2	32	46	137	105	182	2655	1407
2	30	40	209	87	256	2209	1408
2	32	46	137	106	183	2760	1408
2	30	40	209	86	256	2162	1409
2	32	45	137	105	182	2700	1409
2	30	40	209	87	255	2162	1410
2	32	46	137	105	183	2714	1410
2	30	40	209	87	256	2209	1411
2	32	46	137	105	183	2714	1411
2	30	40	209	86	255	2116	1412
2	32	46	137	105	183	2714	1412
2	30	40	209	86	255	2116	1413
2	32	46	137	105	183	2714	1413
2	30	40	209	86	255	2116	1414
2	32	46	137	105	183	2714	1414
2	30	40	209	86	255	2116	1415
2	32	46	137	105	183	2714	1415
2	30	40	209	86	256	2162	1416
2	32	47	137	105	182	2610	1416
2	30	40	209	86	256	2162	1417
2	32	46	137	105	183	2714	1417
2	30	40	209	86	255	2116	1418
2	32	46	137	106	183	2760	1418
2	30	40	209	86	255	2116	1419
2	32	46	136	105	183	2773	1419
2	30	40	209	86	255	2116	1420
2	32	45	136	105	183	2820	1420
2	30	40	209	86	256	2162	1421
2	32	47	136	105	183	2726	1421
2	30	40	209	86	255	2116	1422
2	32	47	136	105	183	2726	1422
2	30	40	209	86	255	2116	1423
2	32	46	136	105	183	2773	1423
2	30	40	209	86	255	2116	1424
2	32	46	136	105	183	2773	1424
2	30	40	209	88	255	2208	1425
2	32	47	136	105	183	2726	1425
2	30	40	209	86	256	2162	1426
2	32	46	136	105	183	2773	1426
2	30	40	209	86	256	2162	1427
2	32	46	136	105	183	2773	1427
2	30	40	209	86	256	2162	1428
2	32	46	136	105	183	2773	1428
2	30	40	209	87	256	2209	1429
2	32	47	136	105	183	2726	1429
2	30	40	209	86	256	2162	1430
2	32	46	135	105	183	2832	1430
2	30	40	209	86	256	2162	1431
2	32	46	135	105	183	2832	1431
2	30	40	209	86	256	2162	1432
2	32	46	135	106	182	2820	1432
2	30	40	209	86	256	2162	1433
2	32	46	135	105	183	2832	1433
2	30	40	209	86	256	2162	1434
2	32	46	135	105	183	2832	1434
2	30	40	210	84	256	2024	1435
2	32	46	135	105	183	2832	1435
2	30	40	210	85	256	2070	1436
2	32	46	135	105	183	2832	1436
2	30	40	210	86	256	2116	1437
2	32	46	135	105	183	2832	1437
2	30	40	211	87	256	2115	1438
2	32	46	135	105	183	2832	1438
2	30	40	211	89	256	2205	1439
2	32	46	136	105	183	2773	1439
2	30	40	211	89	257	2254	1440
2	32	46	135	105	183	2832	1440
2	30	40	211	89	257	2254	1441
2	32	46	135	105	183	2832	1441
2	30	40	212	90	257	2250	1442
2	32	47	136	105	183	2726	1442
2	30	40	212	90	258	2300	1443
2	32	46	136	105	183	2773	1443
2	30	40	213	90	259	2300	1444
2	32	46	136	106	183	2820	1444
2	30	40	215	90	260	2250	1445
2	32	46	136	105	183	2773	1445
2	30	40	216	89	262	2254	1446
2	32	46	136	106	183	2820	1446
2	30	40	217	89	264	2303	1447
2	32	46	135	105	183	2832	1447
2	30	40	219	90	267	2400	1448
2	32	47	136	106	183	2773	1448
2	30	40	220	90	266	2300	1449
2	32	47	136	105	183	2726	1449
2	30	40	220	90	267	2350	1450
2	32	47	136	106	183	2773	1450
2	30	40	221	89	271	2450	1451
2	32	47	136	105	183	2726	1451
2	30	40	223	86	271	2208	1452
2	32	47	136	105	182	2668	1452
2	30	40	225	86	272	2162	1453
2	32	47	136	105	183	2726	1453
2	30	40	227	86	274	2162	1454
2	32	47	136	105	183	2726	1454
2	30	40	229	86	278	2254	1455
2	32	47	136	105	182	2668	1455
2	30	40	232	85	280	2160	1456
2	32	47	136	105	182	2668	1456
2	30	40	235	86	281	2116	1457
2	32	47	136	105	182	2668	1457
2	30	40	237	86	283	2116	1458
2	32	47	136	105	182	2668	1458
2	30	40	240	87	285	2115	1459
2	32	46	136	105	182	2714	1459
2	30	40	242	88	285	2064	1460
2	32	46	136	105	182	2714	1460
2	30	40	244	89	288	2156	1461
2	32	46	136	105	182	2714	1461
2	30	40	245	90	290	2250	1462
2	32	46	136	105	181	2655	1462
2	30	40	247	90	288	2050	1463
2	32	46	136	105	182	2714	1463
2	30	40	248	88	290	2016	1464
2	32	46	135	104	182	2726	1464
2	30	40	249	88	290	1968	1465
2	32	46	136	105	182	2714	1465
2	30	40	250	87	292	1974	1466
2	32	46	136	105	182	2714	1466
2	30	40	252	87	292	1880	1467
2	32	46	136	105	182	2714	1467
2	30	40	253	86	293	1840	1468
2	32	46	135	105	182	2773	1468
2	30	40	255	86	294	1794	1469
2	32	46	135	105	182	2773	1469
2	30	40	256	86	291	1610	1470
2	32	46	136	105	182	2714	1470
2	30	40	258	86	295	1702	1471
2	32	46	136	105	182	2714	1471
2	30	40	258	90	293	1750	1472
2	32	46	136	105	182	2714	1472
2	30	40	258	90	295	1850	1473
2	32	46	136	105	183	2773	1473
2	30	40	258	91	298	2040	1474
2	32	46	136	105	183	2773	1474
2	30	40	257	91	297	2040	1475
2	32	46	136	105	182	2714	1475
2	30	40	254	91	299	2295	1476
2	32	46	136	105	182	2714	1476
2	30	40	256	91	299	2193	1477
2	32	46	136	105	182	2714	1477
2	30	40	258	91	300	2142	1478
2	32	46	136	105	183	2773	1478
2	30	40	257	92	303	2392	1479
2	32	46	136	105	182	2714	1479
2	30	40	259	92	304	2340	1480
2	32	46	136	105	183	2773	1480
2	30	40	261	92	307	2392	1481
2	32	46	136	105	182	2714	1481
2	30	40	261	93	308	2491	1482
2	32	46	135	105	182	2773	1482
2	30	40	263	92	310	2444	1483
2	32	47	135	105	182	2726	1483
2	30	40	263	91	313	2550	1484
2	32	47	134	105	182	2784	1484
2	30	40	263	92	313	2600	1485
2	32	47	134	105	182	2784	1485
2	30	40	265	93	314	2597	1486
2	32	47	134	105	182	2784	1486
2	30	40	264	92	314	2600	1487
2	32	48	133	105	182	2793	1487
2	30	40	265	92	315	2600	1488
2	32	49	132	105	181	2744	1488
2	30	40	264	92	315	2652	1489
2	32	50	131	105	180	2695	1489
2	30	40	265	92	315	2600	1490
2	32	50	131	105	180	2695	1490
2	30	40	266	92	315	2548	1491
2	32	50	131	105	180	2695	1491
2	30	40	266	92	315	2548	1492
2	32	51	130	105	180	2700	1492
2	30	40	265	93	315	2650	1493
2	32	50	130	105	181	2805	1493
2	30	40	265	92	315	2600	1494
2	32	50	130	105	180	2750	1494
2	30	40	265	92	315	2600	1495
2	32	53	130	105	180	2600	1495
2	30	40	266	92	315	2548	1496
2	32	68	139	105	181	1554	1496
2	30	40	265	92	315	2600	1497
2	32	50	130	105	182	2860	1497
2	30	40	265	92	315	2600	1498
2	32	57	133	105	182	2352	1498
2	30	40	266	92	316	2600	1499
2	32	57	134	105	182	2304	1499
2	30	40	265	92	315	2600	1500
2	32	56	134	105	182	2352	1500
2	30	40	265	92	315	2600	1501
2	32	49	132	105	182	2800	1501
2	30	40	265	92	315	2600	1502
2	32	55	135	105	182	2350	1502
2	30	40	265	92	315	2600	1503
2	32	66	142	105	182	1560	1503
2	30	40	265	93	315	2650	1504
2	32	49	134	105	183	2744	1504
2	30	40	265	92	315	2600	1505
2	32	51	136	104	183	2491	1505
2	30	40	266	92	315	2548	1506
2	32	49	136	105	184	2688	1506
2	30	40	266	92	315	2548	1507
2	32	47	138	105	183	2610	1507
2	30	40	264	92	315	2652	1508
2	32	47	139	105	184	2610	1508
2	30	40	267	92	315	2496	1509
2	32	47	139	104	184	2565	1509
2	30	40	265	92	315	2600	1510
2	32	47	140	104	184	2508	1510
2	30	40	266	92	315	2548	1511
2	32	47	141	105	184	2494	1511
2	30	40	265	92	315	2600	1512
2	32	47	142	105	184	2436	1512
2	30	40	265	92	315	2600	1513
2	32	44	143	105	184	2501	1513
2	30	40	266	92	315	2548	1514
2	32	44	143	104	186	2580	1514
2	30	40	265	92	315	2600	1515
2	32	45	144	104	188	2596	1515
2	30	40	266	92	315	2548	1516
2	32	45	145	103	189	2552	1516
2	30	40	266	92	315	2548	1517
2	32	44	146	102	192	2668	1517
2	30	40	266	92	315	2548	1518
2	32	43	146	102	192	2714	1518
2	30	40	266	92	315	2548	1519
2	32	43	147	102	193	2714	1519
2	30	40	266	92	315	2548	1520
2	32	43	148	102	193	2655	1520
2	30	40	267	92	315	2496	1521
2	32	43	149	102	194	2655	1521
2	30	40	266	92	315	2548	1522
2	32	42	150	102	194	2640	1522
2	30	40	266	93	315	2597	1523
2	32	51	154	102	195	2091	1523
2	30	40	266	93	315	2597	1524
2	32	42	152	102	195	2580	1524
2	30	40	266	93	315	2597	1525
2	32	42	152	101	195	2537	1525
2	30	40	267	93	315	2544	1526
2	32	42	153	101	195	2478	1526
2	30	40	266	93	315	2597	1527
2	32	40	154	101	196	2562	1527
2	30	40	266	93	315	2597	1528
2	32	40	155	101	196	2501	1528
2	30	40	266	93	315	2597	1529
2	32	40	156	100	197	2460	1529
2	30	40	266	93	315	2597	1530
2	32	40	157	101	197	2440	1530
2	30	40	267	93	315	2544	1531
2	32	40	158	101	199	2501	1531
2	30	40	267	93	315	2544	1532
2	32	40	159	101	199	2440	1532
2	30	40	265	93	314	2597	1533
2	32	40	159	99	201	2478	1533
2	30	40	265	93	314	2597	1534
2	32	40	159	100	202	2580	1534
2	30	40	266	93	314	2544	1535
2	32	40	160	100	202	2520	1535
2	30	40	268	92	313	2340	1536
2	32	40	161	99	203	2478	1536
2	30	40	266	92	313	2444	1537
2	32	40	161	99	203	2478	1537
2	30	40	265	92	313	2496	1538
2	32	40	162	99	204	2478	1538
2	30	40	264	92	313	2548	1539
2	32	40	163	99	205	2478	1539
2	30	40	264	92	312	2496	1540
2	32	40	163	98	205	2436	1540
2	30	40	264	92	312	2496	1541
2	32	40	163	99	205	2478	1541
2	30	40	264	92	311	2444	1542
2	32	40	164	99	206	2478	1542
2	30	40	263	92	311	2496	1543
2	32	40	164	99	206	2478	1543
2	30	40	263	92	310	2444	1544
2	32	40	165	99	207	2478	1544
2	30	40	262	92	309	2444	1545
2	32	40	165	98	207	2436	1545
2	30	40	262	92	308	2392	1546
2	32	40	166	98	208	2436	1546
2	30	40	263	92	308	2340	1547
2	32	40	166	98	208	2436	1547
2	30	40	261	92	307	2392	1548
2	32	40	166	98	208	2436	1548
2	30	40	261	92	306	2340	1549
2	32	40	166	98	208	2436	1549
2	30	40	261	92	306	2340	1550
2	32	40	166	99	209	2537	1550
2	30	40	259	92	304	2340	1551
2	32	40	166	99	207	2419	1551
2	30	40	259	92	304	2340	1552
2	32	40	166	99	208	2478	1552
2	30	40	260	92	303	2236	1553
2	32	40	166	99	207	2419	1553
2	30	40	261	92	302	2132	1554
2	32	40	166	99	207	2419	1554
2	30	40	260	92	301	2132	1555
2	32	40	165	99	208	2537	1555
2	30	40	261	92	301	2080	1556
2	32	40	165	99	208	2537	1556
2	30	40	261	92	300	2028	1557
2	32	40	165	99	208	2537	1557
2	30	40	261	92	300	2028	1558
2	32	40	164	99	207	2537	1558
2	30	40	258	91	299	2091	1559
2	32	40	164	99	206	2478	1559
2	30	40	255	91	299	2244	1560
2	32	40	163	99	205	2478	1560
2	30	40	257	91	297	2040	1561
2	32	40	162	99	205	2537	1561
2	30	40	256	90	296	2000	1562
2	32	40	161	99	205	2596	1562
2	30	40	254	90	293	1950	1563
2	32	40	160	99	204	2596	1563
2	30	40	253	90	291	1900	1564
2	32	40	159	99	204	2655	1564
2	30	40	253	90	290	1850	1565
2	32	40	159	99	203	2596	1565
2	30	40	254	90	288	1700	1566
2	32	40	158	99	203	2655	1566
2	30	40	254	90	288	1700	1567
2	32	40	158	99	203	2655	1567
2	30	40	254	90	288	1700	1568
2	32	40	158	99	202	2596	1568
2	30	40	254	90	288	1700	1569
2	32	40	157	99	202	2655	1569
2	30	40	254	90	288	1700	1570
2	32	40	157	99	203	2714	1570
2	30	40	244	90	281	1850	1571
2	32	40	157	99	203	2714	1571
2	30	40	243	89	279	1764	1572
2	32	40	156	99	203	2773	1572
2	30	40	243	89	279	1764	1573
2	32	40	156	99	203	2773	1573
2	30	40	243	89	279	1764	1574
2	32	40	156	99	203	2773	1574
2	30	40	237	86	272	1610	1575
2	32	40	156	99	203	2773	1575
2	30	40	235	86	269	1564	1576
2	32	40	156	99	203	2773	1576
2	30	40	233	87	266	1551	1577
2	32	40	156	99	203	2773	1577
2	30	40	233	87	266	1551	1578
2	32	40	156	99	204	2832	1578
2	30	40	227	84	261	1496	1579
2	32	40	156	99	204	2832	1579
2	30	40	225	88	259	1632	1580
2	32	40	156	99	204	2832	1580
2	30	40	223	90	256	1650	1581
2	32	40	156	99	204	2832	1581
2	30	40	220	90	254	1700	1582
2	32	40	156	99	204	2832	1582
2	30	40	218	84	252	1496	1583
2	32	40	156	99	205	2891	1583
2	30	40	216	85	249	1485	1584
2	32	40	156	99	205	2891	1584
2	30	40	214	85	246	1440	1585
2	32	40	156	99	206	2950	1585
2	30	40	210	86	243	1518	1586
2	32	40	156	99	206	2950	1586
2	30	40	156	99	236	4720	1587
2	32	40	156	99	206	2950	1587
2	30	40	156	99	231	4425	1588
2	32	40	156	99	206	2950	1588
2	30	40	156	99	228	4248	1589
2	32	40	156	99	206	2950	1589
2	30	40	156	99	225	4071	1590
2	32	40	156	99	206	2950	1590
2	30	40	156	99	223	3953	1591
2	32	40	156	99	206	2950	1591
2	30	40	156	99	220	3776	1592
2	32	40	156	99	206	2950	1592
1	30	40	156	99	218	3658	1593
1	30	40	156	98	214	3364	1594
1	30	40	156	97	213	3249	1595
1	30	40	156	95	210	2970	1596
1	30	40	156	96	207	2856	1597
1	30	40	156	96	206	2800	1598
1	30	40	156	97	206	2850	1599
1	30	40	156	97	206	2850	1600
1	30	48	159	116	209	3400	1601
1	30	40	152	99	205	3127	1602
1	30	40	150	102	205	3410	1603
1	30	40	148	103	204	3528	1604
1	30	40	145	101	204	3599	1605
1	30	40	142	102	204	3844	1606
1	30	40	140	102	204	3968	1607
1	30	40	137	101	203	4026	1608
1	30	40	133	101	203	4270	1609
1	30	40	131	101	202	4331	1610
1	30	40	129	103	203	4662	1611
1	30	40	128	104	203	4800	1612
2	30	40	156	100	202	2760	1613
2	33	56	126	101	160	1530	1613
2	30	40	156	100	203	2820	1614
2	33	56	126	101	160	1530	1614
1	30	40	156	100	202	2760	1615
1	30	40	156	100	203	2820	1616
1	30	40	156	100	203	2820	1617
2	30	40	156	100	203	2820	1618
2	34	62	114	105	151	1591	1618
2	30	40	157	99	203	2714	1619
2	34	63	111	107	149	1672	1619
2	30	40	157	99	203	2714	1620
2	34	63	111	107	149	1672	1620
2	30	40	157	99	203	2714	1621
2	34	65	107	111	144	1702	1621
2	30	40	157	99	203	2714	1622
2	34	65	107	111	144	1702	1622
2	30	40	157	99	203	2714	1623
2	34	65	107	111	144	1702	1623
1	30	40	157	99	202	2655	1624
2	30	40	157	99	202	2655	1625
2	35	69	97	109	134	1480	1625
2	30	40	157	99	203	2714	1626
2	35	69	97	109	134	1480	1626
1	30	40	157	99	202	2655	1627
2	30	40	157	99	203	2714	1628
2	36	68	94	111	131	1591	1628
2	30	40	157	99	202	2655	1629
2	36	69	92	112	131	1677	1629
2	30	40	156	99	202	2714	1630
2	36	70	92	112	129	1554	1630
2	30	40	156	99	202	2714	1631
2	36	71	90	113	127	1554	1631
2	30	40	157	99	202	2655	1632
2	36	71	90	113	127	1554	1632
2	30	40	156	99	202	2714	1633
2	36	73	88	117	126	1672	1633
2	30	40	156	99	202	2714	1634
2	36	73	88	117	126	1672	1634
2	30	40	157	99	202	2655	1635
2	36	73	87	118	124	1665	1635
2	30	40	157	99	203	2714	1636
2	36	73	86	119	125	1794	1636
2	30	40	157	99	202	2655	1637
2	36	74	86	119	125	1755	1637
2	30	40	158	99	202	2596	1638
2	36	74	86	119	125	1755	1638
2	30	40	157	99	202	2655	1639
2	36	74	86	119	125	1755	1639
2	30	40	157	99	202	2655	1640
2	36	74	86	119	125	1755	1640
2	30	40	157	99	202	2655	1641
2	36	76	82	120	122	1760	1641
2	30	40	157	99	202	2655	1642
2	36	76	81	121	120	1755	1642
2	30	40	157	99	202	2655	1643
2	36	76	80	123	120	1880	1643
2	30	40	157	99	202	2655	1644
2	36	77	78	123	119	1886	1644
2	30	40	157	99	203	2714	1645
2	36	78	77	124	118	1886	1645
2	30	40	157	99	202	2655	1646
2	36	78	76	125	117	1927	1646
2	30	40	156	99	202	2714	1647
2	36	79	75	124	116	1845	1647
2	30	40	156	99	202	2714	1648
2	36	79	74	125	115	1886	1648
2	30	40	157	99	203	2714	1649
2	36	80	74	125	114	1800	1649
2	30	40	157	99	202	2655	1650
2	36	80	71	137	114	2451	1650
2	30	40	157	99	202	2655	1651
2	36	80	69	136	114	2520	1651
2	30	40	157	99	202	2655	1652
2	36	81	70	140	113	2537	1652
2	30	40	157	99	202	2655	1653
2	36	81	70	140	114	2596	1653
2	30	40	158	99	202	2596	1654
2	36	81	72	136	113	2255	1654
2	30	40	157	99	202	2655	1655
2	36	82	71	136	112	2214	1655
2	30	40	158	99	202	2596	1656
2	36	83	69	139	112	2408	1656
2	30	40	158	99	202	2596	1657
2	36	81	70	138	112	2394	1657
2	30	40	158	99	202	2596	1658
2	36	83	70	135	113	2236	1658
2	30	40	158	99	202	2596	1659
2	36	83	73	136	112	2067	1659
2	30	40	158	99	203	2655	1660
2	36	81	71	137	112	2296	1660
2	30	40	159	99	202	2537	1661
2	36	83	71	137	110	2106	1661
2	30	40	159	99	203	2596	1662
2	36	83	71	137	110	2106	1662
2	30	40	160	99	203	2537	1663
2	36	81	74	125	113	1716	1663
2	30	40	160	99	203	2537	1664
2	36	81	71	134	112	2173	1664
2	30	40	161	99	203	2478	1665
2	36	82	71	136	112	2214	1665
2	30	40	162	99	203	2419	1666
2	36	81	73	140	112	2301	1666
2	30	40	162	98	203	2378	1667
2	36	82	70	139	113	2451	1667
2	30	40	162	99	204	2478	1668
2	36	81	73	138	111	2166	1668
2	30	40	162	99	203	2419	1669
2	36	81	73	137	112	2184	1669
2	30	40	162	99	204	2478	1670
2	36	81	71	137	112	2296	1670
2	30	40	162	99	204	2478	1671
2	36	81	73	125	113	1760	1671
2	30	40	163	99	205	2478	1672
2	36	83	74	129	112	1748	1672
2	30	40	164	99	205	2419	1673
2	36	83	73	139	112	2184	1673
2	30	40	164	99	206	2478	1674
2	36	81	71	136	112	2255	1674
2	30	40	165	99	206	2419	1675
2	36	81	73	128	111	1786	1675
2	30	40	165	99	207	2478	1676
2	36	83	73	139	112	2184	1676
2	30	40	165	99	207	2478	1677
2	36	83	72	134	112	2040	1677
2	30	40	165	99	207	2478	1678
2	36	81	71	139	112	2378	1678
2	30	40	166	99	206	2360	1679
2	36	81	72	138	113	2337	1679
2	30	40	166	99	207	2419	1680
2	36	81	71	133	112	2132	1680
2	30	40	166	99	208	2478	1681
2	36	81	72	139	113	2378	1681
2	30	40	166	99	207	2419	1682
2	36	81	71	137	111	2240	1682
2	30	40	166	99	206	2360	1683
2	36	81	71	139	111	2320	1683
2	30	40	166	99	207	2419	1684
2	36	81	71	136	112	2255	1684
2	30	40	166	99	207	2419	1685
2	36	81	71	139	112	2378	1685
2	30	40	166	99	207	2419	1686
2	36	81	71	136	112	2255	1686
2	30	40	166	99	208	2478	1687
2	36	81	71	139	112	2378	1687
2	30	40	166	99	207	2419	1688
2	36	81	70	137	112	2352	1688
2	30	40	166	99	207	2419	1689
2	36	82	70	138	112	2352	1689
2	30	40	166	99	207	2419	1690
2	36	81	72	138	112	2280	1690
2	30	40	166	99	207	2419	1691
2	36	81	72	138	111	2223	1691
2	30	40	166	99	207	2419	1692
2	36	82	73	125	112	1677	1692
2	30	40	166	99	207	2419	1693
2	36	82	71	137	112	2255	1693
2	30	40	166	99	208	2478	1694
2	36	81	73	140	112	2301	1694
2	30	40	166	99	207	2419	1695
2	36	81	71	137	112	2296	1695
2	30	40	166	99	207	2419	1696
2	36	82	72	140	112	2320	1696
2	30	40	166	99	207	2419	1697
2	36	81	72	136	111	2145	1697
2	30	40	166	99	207	2419	1698
2	36	82	71	136	112	2214	1698
2	30	40	166	99	207	2419	1699
2	36	81	71	139	112	2378	1699
2	30	40	166	99	208	2478	1700
2	36	82	72	139	112	2280	1700
2	30	40	166	99	207	2419	1701
2	36	82	72	125	112	1720	1701
2	30	40	166	99	207	2419	1702
2	36	82	72	127	112	1800	1702
2	30	40	166	99	207	2419	1703
2	36	81	71	138	111	2280	1703
2	30	40	166	99	206	2360	1704
2	36	81	70	139	112	2436	1704
2	30	40	166	99	206	2360	1705
2	36	82	71	137	111	2200	1705
2	30	40	166	99	207	2419	1706
2	36	81	72	137	112	2240	1706
2	30	40	166	99	206	2360	1707
2	36	82	73	136	111	2052	1707
2	30	40	165	99	207	2478	1708
2	36	81	71	134	111	2120	1708
2	30	40	165	99	206	2419	1709
2	36	81	71	140	112	2419	1709
2	30	40	165	99	207	2478	1710
2	36	81	72	136	112	2200	1710
2	30	40	165	99	207	2478	1711
2	36	82	71	136	112	2214	1711
2	30	40	165	99	207	2478	1712
2	36	81	73	138	112	2223	1712
2	30	40	165	99	207	2478	1713
2	36	82	71	136	112	2214	1713
2	30	40	165	99	207	2478	1714
2	36	81	71	137	112	2296	1714
2	30	40	165	99	207	2478	1715
2	36	82	72	138	112	2240	1715
2	30	40	165	99	206	2419	1716
2	36	81	73	138	112	2223	1716
2	30	40	165	99	207	2478	1717
2	36	83	70	138	112	2310	1717
2	30	40	165	99	207	2478	1718
2	36	82	72	128	113	1886	1718
2	30	40	165	99	207	2478	1719
2	36	81	71	136	112	2255	1719
2	30	40	165	99	207	2478	1720
2	36	83	72	137	112	2160	1720
2	30	40	165	99	207	2478	1721
2	36	83	74	129	112	1748	1721
2	30	40	165	99	207	2478	1722
2	36	81	71	136	111	2200	1722
2	30	40	165	99	207	2478	1723
2	36	81	72	137	112	2240	1723
2	30	40	165	99	207	2478	1724
2	36	81	71	138	111	2280	1724
2	30	40	165	99	207	2478	1725
2	36	81	71	136	112	2255	1725
2	30	40	165	99	207	2478	1726
2	36	83	72	136	111	2067	1726
2	30	40	165	99	206	2419	1727
2	36	83	71	138	112	2255	1727
2	30	40	165	99	207	2478	1728
2	36	83	72	137	111	2106	1728
2	30	40	165	99	206	2419	1729
2	36	81	71	135	112	2214	1729
2	30	40	165	99	206	2419	1730
2	36	82	71	136	112	2214	1730
2	30	40	165	99	206	2419	1731
2	36	82	71	137	112	2255	1731
2	30	40	165	99	206	2419	1732
2	36	82	71	136	112	2214	1732
2	30	40	165	99	206	2419	1733
2	36	82	72	125	112	1720	1733
2	30	40	165	99	206	2419	1734
2	36	82	72	125	112	1720	1734
2	30	40	165	99	206	2419	1735
2	36	82	71	137	112	2255	1735
2	30	40	165	99	206	2419	1736
2	36	82	72	136	112	2160	1736
2	30	40	165	99	206	2419	1737
2	36	82	72	126	112	1760	1737
2	30	40	165	99	206	2419	1738
2	36	82	72	126	111	1716	1738
2	30	40	164	99	206	2478	1739
2	36	82	72	137	111	2145	1739
2	30	40	164	99	206	2478	1740
2	36	82	71	138	112	2296	1740
2	30	40	164	99	206	2478	1741
2	36	82	72	126	111	1716	1741
2	30	40	164	99	206	2478	1742
2	36	82	71	136	111	2160	1742
2	30	40	164	99	207	2537	1743
2	36	82	72	138	112	2240	1743
2	30	40	164	99	206	2478	1744
2	36	82	72	137	112	2200	1744
2	30	40	164	99	205	2419	1745
2	36	82	71	135	112	2173	1745
2	30	40	164	99	206	2478	1746
2	36	82	72	137	112	2200	1746
2	30	40	164	99	206	2478	1747
2	36	82	72	137	112	2200	1747
2	30	40	164	99	206	2478	1748
2	36	82	72	137	112	2200	1748
2	30	40	164	99	205	2419	1749
2	36	82	72	128	112	1840	1749
2	30	40	164	99	206	2478	1750
2	36	82	72	125	111	1677	1750
2	30	40	164	99	205	2419	1751
2	36	82	72	125	112	1720	1751
2	30	40	164	99	206	2478	1752
2	36	82	72	139	111	2223	1752
2	30	40	164	99	205	2419	1753
2	36	82	72	126	111	1716	1753
2	30	40	164	99	206	2478	1754
2	36	82	71	136	111	2160	1754
2	30	40	164	99	206	2478	1755
2	36	82	71	137	110	2145	1755
2	30	40	164	99	205	2419	1756
2	36	82	72	137	112	2200	1756
2	30	40	164	99	206	2478	1757
2	36	82	71	136	112	2214	1757
2	30	40	164	99	205	2419	1758
2	36	82	71	137	111	2200	1758
2	30	40	164	99	207	2537	1759
2	36	82	71	137	111	2200	1759
2	30	40	164	99	206	2478	1760
2	36	82	71	137	111	2200	1760
2	30	40	164	99	206	2478	1761
2	36	82	72	125	111	1677	1761
2	30	40	165	99	205	2360	1762
2	36	82	72	124	111	1638	1762
2	30	40	165	99	205	2360	1763
2	36	82	72	125	111	1677	1763
2	30	40	165	99	205	2360	1764
2	36	82	72	124	111	1638	1764
2	30	40	165	99	205	2360	1765
2	36	82	72	124	111	1638	1765
2	30	40	165	99	204	2301	1766
2	36	82	72	125	111	1677	1766
2	30	40	165	99	206	2419	1767
2	36	82	72	125	111	1677	1767
2	30	40	165	99	205	2360	1768
2	36	82	72	125	111	1677	1768
2	30	40	165	99	205	2360	1769
2	36	82	72	124	111	1638	1769
2	30	40	165	99	206	2419	1770
2	36	82	73	125	111	1634	1770
2	30	40	165	99	205	2360	1771
2	36	82	73	125	111	1634	1771
2	30	40	165	99	205	2360	1772
2	36	82	73	125	112	1677	1772
2	30	40	165	99	205	2360	1773
2	36	82	73	125	112	1677	1773
2	30	40	165	99	205	2360	1774
2	36	82	73	125	111	1634	1774
2	30	40	165	99	206	2419	1775
2	36	82	73	124	111	1596	1775
2	30	40	165	99	205	2360	1776
2	36	82	73	124	111	1596	1776
2	30	40	165	99	204	2301	1777
2	36	82	73	125	112	1677	1777
2	30	40	165	99	206	2419	1778
2	36	82	73	125	112	1677	1778
2	30	40	165	99	204	2301	1779
2	36	82	73	125	111	1634	1779
2	30	40	165	99	205	2360	1780
2	36	82	71	137	112	2255	1780
2	30	40	165	99	205	2360	1781
2	36	82	72	125	112	1720	1781
2	30	40	165	99	206	2419	1782
2	36	82	72	124	111	1638	1782
2	30	40	165	99	205	2360	1783
2	36	82	73	125	111	1634	1783
2	30	40	165	99	204	2301	1784
2	36	82	72	125	111	1677	1784
2	30	40	165	99	204	2301	1785
2	36	82	72	125	112	1720	1785
2	30	40	165	99	205	2360	1786
2	36	82	72	125	111	1677	1786
2	30	40	165	99	205	2360	1787
2	36	82	72	125	112	1720	1787
2	30	40	165	99	205	2360	1788
2	36	82	72	125	111	1677	1788
2	30	40	165	99	205	2360	1789
2	36	82	72	125	111	1677	1789
2	30	40	165	99	205	2360	1790
2	36	82	72	125	111	1677	1790
2	30	40	166	99	205	2301	1791
2	36	82	72	124	111	1638	1791
2	30	40	166	99	204	2242	1792
2	36	82	72	125	111	1677	1792
2	30	40	165	99	205	2360	1793
2	36	82	72	125	111	1677	1793
2	30	40	166	99	204	2242	1794
2	36	82	72	124	111	1638	1794
2	30	40	166	99	206	2360	1795
2	36	82	72	125	111	1677	1795
2	30	40	165	99	205	2360	1796
2	36	82	72	124	111	1638	1796
2	30	40	165	99	205	2360	1797
2	36	82	72	125	111	1677	1797
2	30	40	165	99	204	2301	1798
2	36	82	72	125	111	1677	1798
2	30	40	165	99	205	2360	1799
2	36	82	72	125	111	1677	1799
2	30	40	165	99	205	2360	1800
2	36	82	72	125	111	1677	1800
2	30	40	165	99	205	2360	1801
2	36	82	72	125	111	1677	1801
2	30	40	165	99	205	2360	1802
2	36	82	72	125	111	1677	1802
2	30	40	165	99	205	2360	1803
2	36	82	72	125	110	1634	1803
2	30	40	165	99	205	2360	1804
2	36	82	72	125	110	1634	1804
2	30	40	165	99	205	2360	1805
2	36	82	72	124	110	1596	1805
2	30	40	165	99	205	2360	1806
2	36	82	72	125	111	1677	1806
2	30	40	165	99	205	2360	1807
2	36	82	72	125	111	1677	1807
2	30	40	165	99	205	2360	1808
2	36	82	73	125	111	1634	1808
2	30	40	165	99	204	2301	1809
2	36	82	72	125	111	1677	1809
2	30	40	165	99	205	2360	1810
2	36	82	72	124	110	1596	1810
2	30	40	165	99	205	2360	1811
2	36	82	72	125	111	1677	1811
2	30	40	165	98	204	2262	1812
2	36	82	72	125	111	1677	1812
2	30	40	165	99	204	2301	1813
2	36	82	72	125	111	1677	1813
2	30	40	165	99	204	2301	1814
2	36	82	72	124	110	1596	1814
2	30	40	165	99	203	2242	1815
2	36	82	72	125	111	1677	1815
2	30	40	165	99	204	2301	1816
2	36	82	72	124	110	1596	1816
2	30	40	165	99	204	2301	1817
2	36	82	72	125	111	1677	1817
2	30	40	165	99	204	2301	1818
2	36	82	72	124	110	1596	1818
2	30	40	165	99	204	2301	1819
2	36	82	72	124	110	1596	1819
2	30	40	165	99	204	2301	1820
2	36	82	72	125	111	1677	1820
2	30	40	165	99	204	2301	1821
2	36	82	72	124	110	1596	1821
2	30	40	165	99	205	2360	1822
2	36	82	72	124	110	1596	1822
2	30	40	165	99	204	2301	1823
2	36	82	72	124	110	1596	1823
2	30	40	165	99	204	2301	1824
2	36	82	72	124	110	1596	1824
2	30	40	166	99	204	2242	1825
2	36	82	72	124	110	1596	1825
2	30	40	166	99	205	2301	1826
2	36	82	72	124	110	1596	1826
2	30	40	166	99	204	2242	1827
2	36	82	72	124	110	1596	1827
2	30	40	166	99	205	2301	1828
2	36	82	72	124	110	1596	1828
2	30	40	166	98	205	2262	1829
2	36	82	72	124	110	1596	1829
2	30	40	166	99	206	2360	1830
2	36	82	72	124	110	1596	1830
2	30	40	166	99	206	2360	1831
2	36	82	72	124	110	1596	1831
2	30	40	166	99	206	2360	1832
2	36	82	72	124	110	1596	1832
2	30	40	166	98	206	2320	1833
2	36	82	72	124	111	1638	1833
2	30	40	166	98	206	2320	1834
2	36	82	72	124	110	1596	1834
2	30	40	166	97	206	2280	1835
2	36	82	72	124	110	1596	1835
2	30	40	166	97	205	2223	1836
2	36	82	72	124	110	1596	1836
2	30	40	166	97	205	2223	1837
2	36	82	72	124	110	1596	1837
2	30	40	166	98	206	2320	1838
2	36	82	72	124	110	1596	1838
2	30	40	166	97	205	2223	1839
2	36	82	72	124	110	1596	1839
2	30	40	166	97	205	2223	1840
2	36	82	72	124	110	1596	1840
2	30	40	167	97	205	2166	1841
2	36	82	72	124	110	1596	1841
2	30	40	167	98	205	2204	1842
2	36	82	72	124	110	1596	1842
2	30	40	167	98	205	2204	1843
2	36	82	72	124	110	1596	1843
2	30	40	167	98	205	2204	1844
2	36	82	72	124	110	1596	1844
2	30	40	167	98	205	2204	1845
2	36	82	72	124	110	1596	1845
2	30	40	167	98	204	2146	1846
2	36	82	72	124	110	1596	1846
2	30	40	167	98	205	2204	1847
2	36	82	72	124	110	1596	1847
2	30	40	167	97	204	2109	1848
2	36	82	72	124	110	1596	1848
2	30	40	167	97	205	2166	1849
2	36	82	72	124	110	1596	1849
1	30	40	167	97	205	2166	1850
1	30	40	167	97	205	2166	1851
1	30	40	167	97	205	2166	1852
1	30	40	167	97	205	2166	1853
1	30	40	167	97	205	2166	1854
1	30	40	167	97	205	2166	1855
1	30	40	167	97	205	2166	1856
1	30	40	167	97	205	2166	1857
1	30	40	167	97	205	2166	1858
1	30	40	167	97	205	2166	1859
1	30	40	169	97	206	2109	1860
1	30	40	167	97	205	2166	1861
1	30	40	169	96	205	2016	1862
1	30	40	166	97	205	2223	1863
1	30	40	169	97	205	2052	1864
1	30	40	166	97	205	2223	1865
1	30	40	169	97	205	2052	1866
1	30	40	169	97	205	2052	1867
1	30	40	166	97	205	2223	1868
1	30	40	169	97	205	2052	1869
1	30	40	169	97	205	2052	1870
1	30	40	170	97	205	1995	1871
1	30	40	170	97	205	1995	1872
1	30	40	170	97	205	1995	1873
1	30	40	170	97	205	1995	1874
1	30	40	170	97	205	1995	1875
1	30	40	170	96	205	1960	1876
1	30	40	170	97	205	1995	1877
1	30	40	170	97	204	1938	1878
2	30	40	170	97	204	1938	1879
2	37	82	71	123	111	1640	1879
2	30	40	170	97	204	1938	1880
2	37	82	71	123	111	1640	1880
2	30	40	170	97	204	1938	1881
2	38	82	71	122	111	1600	1881
2	30	40	170	97	204	1938	1882
2	38	82	71	122	111	1600	1882
2	30	40	170	97	204	1938	1883
2	38	82	71	122	111	1600	1883
2	30	40	170	97	204	1938	1884
2	38	81	72	122	111	1599	1884
2	30	40	170	97	204	1938	1885
2	38	81	72	122	111	1599	1885
2	30	40	170	97	204	1938	1886
2	38	81	72	122	112	1640	1886
2	30	40	170	97	204	1938	1887
2	38	81	74	123	112	1596	1887
1	38	80	75	123	113	1634	1888
1	38	80	75	123	113	1634	1889
1	38	80	75	123	114	1677	1890
1	38	79	76	123	114	1672	1891
1	38	78	75	123	115	1800	1892
1	38	79	76	123	115	1716	1893
1	38	78	77	122	115	1672	1894
1	38	77	77	123	116	1794	1895
1	38	77	78	123	117	1794	1896
1	38	77	79	122	118	1755	1897
1	38	77	80	122	118	1710	1898
1	38	77	81	122	119	1710	1899
1	38	77	81	122	119	1710	1900
1	38	77	81	122	119	1710	1901
1	38	77	81	122	119	1710	1902
1	38	77	81	122	119	1710	1903
1	38	77	81	122	119	1710	1904
1	38	77	81	122	119	1710	1905
0	0	0	0	0	0	0	1906
0	0	0	0	0	0	0	1907
0	0	0	0	0	0	0	1908
0	0	0	0	0	0	0	1909
0	0	0	0	0	0	0	1910
0	0	0	0	0	0	0	1911
0	0	0	0	0	0	0	1912
0	0	0	0	0	0	0	1913
0	0	0	0	0	0	0	1914
0	0	0	0	0	0	0	1915
0	0	0	0	0	0	0	1916
0	0	0	0	0	0	0	1917
0	0	0	0	0	0	0	1918
0	0	0	0	0	0	0	1919
0	0	0	0	0	0	0	1920
0	0	0	0	0	0	0	1921
0	0	0	0	0	0	0	1922
0	0	0	0	0	0	0	1923
0	0	0	0	0	0	0	1924
0	0	0	0	0	0	0	1925
0	0	0	0	0	0	0	1926
0	0	0	0	0	0	0	1927
0	0	0	0	0	0	0	1928
0	0	0	0	0	0	0	1929
0	0	0	0	0	0	0	1930
0	0	0	0	0	0	0	1931
0	0	0	0	0	0	0	1932
0	0	0	0	0	0	0	1933
0	0	0	0	0	0	0	1934
0	0	0	0	0	0	0	1935
0	0	0	0	0	0	0	1936
0	0	0	0	0	0	0	1937
0	0	0	0	0	0	0	1938
0	0	0	0	0	0	0	1939
0	0	0	0	0	0	0	1940
0	0	0	0	0	0	0	1941
0	0	0	0	0	0	0	1942
0	0	0	0	0	0	0	1943
0	0	0	0	0	0	0	1944
0	0	0	0	0	0	0	1945
0	0	0	0	0	0	0	1946
0	0	0	0	0	0	0	1947
1	39	40	159	98	196	2146	1948
1	39	40	157	98	199	2436	1949
1	39	40	157	98	199	2436	1950
1	39	40	156	98	199	2494	1951
1	39	40	156	98	199	2494	1952
1	39	57	158	98	199	1681	1953
1	39	55	157	98	199	1806	1954
1	39	42	153	98	198	2520	1955
1	39	42	153	98	198	2520	1956
1	39	42	153	98	198	2520	1957
1	39	42	153	98	198	2520	1958
1	39	43	153	99	198	2520	1959
1	39	42	153	99	198	2565	1960
1	39	42	153	99	198	2565	1961
1	39	42	153	99	198	2565	1962
1	39	42	153	99	198	2565	1963
1	39	42	152	99	198	2622	1964
1	39	41	152	99	198	2668	1965
1	39	42	152	99	198	2622	1966
1	39	42	152	99	198	2622	1967
1	39	42	151	99	198	2679	1968
1	39	42	151	98	198	2632	1969
1	39	42	151	99	198	2679	1970
1	39	42	151	99	198	2679	1971
1	39	43	151	99	198	2632	1972
1	39	43	151	99	198	2632	1973
1	39	43	151	99	198	2632	1974
1	39	43	151	99	198	2632	1975
1	39	42	151	98	198	2632	1976
1	39	43	151	99	198	2632	1977
1	39	43	151	99	198	2632	1978
1	39	44	151	99	198	2585	1979
1	39	43	151	99	198	2632	1980
1	39	43	151	99	198	2632	1981
1	39	44	151	99	198	2585	1982
1	39	44	151	99	198	2585	1983
1	39	44	151	98	198	2538	1984
1	39	44	151	99	198	2585	1985
1	39	43	151	99	198	2632	1986
1	39	43	151	98	198	2585	1987
1	39	43	150	99	198	2688	1988
1	39	43	150	99	198	2688	1989
1	39	43	150	99	198	2688	1990
1	39	43	151	99	198	2632	1991
1	39	43	151	99	198	2632	1992
1	39	43	151	98	198	2585	1993
1	39	43	150	98	198	2640	1994
1	39	43	150	99	198	2688	1995
1	39	42	150	99	198	2736	1996
1	39	43	151	99	197	2576	1997
1	39	43	151	99	198	2632	1998
1	39	43	151	98	197	2530	1999
1	39	43	151	99	198	2632	2000
1	39	42	151	99	197	2622	2001
1	39	43	151	99	197	2576	2002
1	39	42	151	99	197	2622	2003
1	39	43	150	99	198	2688	2004
1	39	43	151	99	198	2632	2005
1	39	43	151	99	198	2632	2006
1	39	43	151	99	197	2576	2007
1	39	43	151	99	197	2576	2008
1	39	43	151	99	197	2576	2009
1	39	43	151	99	198	2632	2010
1	39	43	151	99	198	2632	2011
1	39	44	151	99	198	2585	2012
1	39	44	151	99	198	2585	2013
1	39	47	152	98	197	2295	2014
1	39	47	152	98	199	2397	2015
1	39	50	153	99	199	2254	2016
1	39	51	154	99	198	2112	2017
1	39	52	155	99	198	2021	2018
1	39	52	155	99	198	2021	2019
1	39	40	157	98	200	2494	2020
1	39	40	157	98	200	2494	2021
1	39	40	157	98	200	2494	2022
1	39	40	157	98	200	2494	2023
1	39	40	157	98	200	2494	2024
1	39	40	157	98	200	2494	2025
1	39	40	157	98	200	2494	2026
0	0	0	0	0	0	0	2027
0	0	0	0	0	0	0	2028
1	40	45	152	96	192	2040	2029
1	40	45	149	98	199	2650	2030
1	40	46	147	98	189	2184	2031
1	40	48	146	104	190	2464	2032
1	40	49	141	102	183	2226	2033
1	40	50	138	108	182	2552	2034
1	40	51	136	104	181	2385	2035
1	40	53	134	103	171	1850	2036
1	40	53	134	103	171	1850	2037
1	40	56	128	104	167	1872	2038
1	40	58	125	105	164	1833	2039
1	40	58	121	105	160	1833	2040
1	40	58	121	105	160	1833	2041
1	40	58	121	105	160	1833	2042
1	40	58	121	105	160	1833	2043
1	40	58	121	105	160	1833	2044
1	40	58	121	105	160	1833	2045
1	40	58	121	105	160	1833	2046
0	0	0	0	0	0	0	2047
0	0	0	0	0	0	0	2048
0	0	0	0	0	0	0	2049
0	0	0	0	0	0	0	2050
0	0	0	0	0	0	0	2051
0	0	0	0	0	0	0	2052
0	0	0	0	0	0	0	2053
0	0	0	0	0	0	0	2054
0	0	0	0	0	0	0	2055
0	0	0	0	0	0	0	2056
0	0	0	0	0	0	0	2057
0	0	0	0	0	0	0	2058
0	0	0	0	0	0	0	2059
0	0	0	0	0	0	0	2060
0	0	0	0	0	0	0	2061
0	0	0	0	0	0	0	2062
0	0	0	0	0	0	0	2063
0	0	0	0	0	0	0	2064
0	0	0	0	0	0	0	2065
0	0	0	0	0	0	0	2066
0	0	0	0	0	0	0	2067
0	0	0	0	0	0	0	2068
0	0	0	0	0	0	0	2069
0	0	0	0	0	0	0	2070
0	0	0	0	0	0	0	2071
0	0	0	0	0	0	0	2072
0	0	0	0	0	0	0	2073
0	0	0	0	0	0	0	2074
0	0	0	0	0	0	0	2075
0	0	0	0	0	0	0	2076
0	0	0	0	0	0	0	2077
0	0	0	0	0	0	0	2078
0	0	0	0	0	0	0	2079
0	0	0	0	0	0	0	2080
0	0	0	0	0	0	0	2081
0	0	0	0	0	0	0	2082
0	0	0	0	0	0	0	2083
0	0	0	0	0	0	0	2084
0	0	0	0	0	0	0	2085
0	0	0	0	0	0	0	2086
0	0	0	0	0	0	0	2087
0	0	0	0	0	0	0	2088
0	0	0	0	0	0	0	2089
0	0	0	0	0	0	0	2090
0	0	0	0	0	0	0	2091
0	0	0	0	0	0	0	2092
0	0	0	0	0	0	0	2093
0	0	0	0	0	0	0	2094
0	0	0	0	0	0	0	2095
0	0	0	0	0	0	0	2096
0	0	0	0	0	0	0	2097
0	0	0	0	0	0	0	2098
0	0	0	0	0	0	0	2099
0	0	0	0	0	0	0	2100
0	0	0	0	0	0	0	2101
0	0	0	0	0	0	0	2102
0	0	0	0	0	0	0	2103
0	0	0	0	0	0	0	2104
0	0	0	0	0	0	0	2105
0	0	0	0	0	0	0	2106
0	0	0	0	0	0	0	2107
0	0	0	0	0	0	0	2108
0	0	0	0	0	0	0	2109
0	0	0	0	0	0	0	2110
0	0	0	0	0	0	0	2111
0	0	0	0	0	0	0	2112
0	0	0	0	0	0	0	2113
0	0	0	0	0	0	0	2114
0	0	0	0	0	0	0	2115
0	0	0	0	0	0	0	2116
0	0	0	0	0	0	0	2117
0	0	0	0	0	0	0	2118
0	0	0	0	0	0	0	2119
0	0	0	0	0	0	0	2120
0	0	0	0	0	0	0	2121
0	0	0	0	0	0	0	2122
0	0	0	0	0	0	0	2123
0	0	0	0	0	0	0	2124
0	0	0	0	0	0	0	2125
0	0	0	0	0	0	0	2126
0	0	0	0	0	0	0	2127
0	0	0	0	0	0	0	2128
0	0	0	0	0	0	0	2129
0	0	0	0	0	0	0	2130
0	0	0	0	0	0	0	2131
0	0	0	0	0	0	0	2132
0	0	0	0	0	0	0	2133
0	0	0	0	0	0	0	2134
0	0	0	0	0	0	0	2135
0	0	0	0	0	0	0	2136
0	0	0	0	0	0	0	2137
0	0	0	0	0	0	0	2138
0	0	0	0	0	0	0	2139
0	0	0	0	0	0	0	2140
0	0	0	0	0	0	0	2141
0	0	0	0	0	0	0	2142
0	0	0	0	0	0	0	2143
0	0	0	0	0	0	0	2144
0	0	0	0	0	0	0	2145
0	0	0	0	0	0	0	2146
0	0	0	0	0	0	0	2147
0	0	0	0	0	0	0	2148
0	0	0	0	0	0	0	2149
0	0	0	0	0	0	0	2150
0	0	0	0	0	0	0	2151
0	0	0	0	0	0	0	2152
0	0	0	0	0	0	0	2153
0	0	0	0	0	0	0	2154
0	0	0	0	0	0	0	2155
0	0	0	0	0	0	0	2156
0	0	0	0	0	0	0	2157
0	0	0	0	0	0	0	2158
0	0	0	0	0	0	0	2159
0	0	0	0	0	0	0	2160
0	0	0	0	0	0	0	2161
0	0	0	0	0	0	0	2162
0	0	0	0	0	0	0	2163
0	0	0	0	0	0	0	2164
0	0	0	0	0	0	0	2165
0	0	0	0	0	0	0	2166
0	0	0	0	0	0	0	2167
0	0	0	0	0	0	0	2168
0	0	0	0	0	0	0	2169
0	0	0	0	0	0	0	2170
0	0	0	0	0	0	0	2171
0	0	0	0	0	0	0	2172
0	0	0	0	0	0	0	2173
0	0	0	0	0	0	0	2174
0	0	0	0	0	0	0	2175
0	0	0	0	0	0	0	2176
0	0	0	0	0	0	0	2177
0	0	0	0	0	0	0	2178
0	0	0	0	0	0	0	2179
0	0	0	0	0	0	0	2180
0	0	0	0	0	0	0	2181
0	0	0	0	0	0	0	2182
0	0	0	0	0	0	0	2183
1	41	188	60	245	91	1767	2184
1	41	188	60	247	93	1947	2185
1	41	188	60	248	94	2040	2186
1	41	189	60	249	113	3180	2187
1	41	187	60	253	113	3498	2188
1	41	187	60	256	115	3795	2189
1	41	186	60	260	121	4514	2190
1	41	186	60	263	122	4774	2191
1	41	189	60	269	127	5360	2192
1	41	191	60	272	128	5508	2193
1	41	191	60	274	132	5976	2194
1	41	189	60	277	139	6952	2195
1	41	185	60	283	152	9016	2196
1	41	184	60	286	159	10098	2197
1	41	183	60	289	168	11448	2198
1	41	179	60	291	175	12880	2199
1	41	180	60	294	179	13566	2200
2	41	210	74	297	184	9570	2201
2	42	180	60	225	102	1890	2201
2	41	221	87	304	199	9296	2202
2	42	178	60	228	107	2350	2202
2	41	225	98	308	201	8549	2203
2	42	178	60	229	111	2601	2203
2	41	229	110	312	209	8217	2204
2	42	178	60	232	118	3132	2204
2	41	235	123	317	216	7626	2205
2	42	178	60	234	120	3360	2205
2	41	240	136	323	224	7304	2206
2	42	178	60	240	136	4712	2206
2	41	245	150	331	230	6880	2207
2	42	179	60	239	136	4560	2207
2	41	248	164	340	239	6900	2208
2	42	180	60	235	122	3410	2208
2	41	252	176	347	250	7030	2209
2	42	181	62	236	123	3355	2209
2	41	254	187	353	261	7326	2210
2	42	182	65	240	141	4408	2210
2	41	259	197	358	277	7920	2211
2	42	182	65	238	132	3752	2211
2	41	262	207	362	292	8500	2212
2	42	182	60	244	151	5642	2212
2	41	266	217	364	306	8722	2213
2	42	185	60	240	143	4565	2213
2	41	269	226	366	319	9021	2214
2	42	189	60	245	157	5432	2214
2	41	271	235	370	332	9603	2215
2	42	183	60	238	122	3410	2215
2	41	276	238	373	345	10379	2216
2	42	184	60	239	129	3795	2216
2	41	284	258	377	356	9114	2217
2	42	184	63	242	134	4118	2217
2	41	285	266	380	365	9405	2218
2	42	183	68	243	141	4380	2218
2	41	288	273	382	374	9494	2219
2	42	182	71	242	159	5280	2219
2	41	293	281	383	380	8910	2220
2	42	181	75	245	166	5824	2220
2	41	297	286	384	386	8700	2221
2	42	179	78	246	172	6298	2221
2	41	300	291	383	391	8300	2222
2	42	179	82	251	189	7704	2222
2	41	303	297	383	396	7920	2223
2	42	178	86	252	192	7844	2223
2	41	305	302	385	401	7920	2224
2	42	179	92	256	204	8624	2224
2	41	306	310	385	407	7663	2225
2	42	180	98	258	214	9048	2225
2	41	308	317	386	410	7254	2226
2	42	182	105	258	216	8436	2226
2	41	310	323	385	410	6525	2227
2	42	184	111	254	195	5880	2227
2	41	311	328	385	410	6068	2228
2	42	186	117	258	203	6192	2228
2	41	311	332	385	410	5772	2229
2	42	187	123	261	208	6290	2229
2	41	312	337	384	410	5256	2230
2	42	189	131	263	217	6364	2230
2	41	312	342	382	410	4760	2231
2	42	191	139	266	225	6450	2231
2	41	313	352	378	410	3770	2232
2	42	195	158	271	240	6232	2232
2	41	312	358	377	410	3380	2233
2	42	197	168	274	252	6468	2233
2	41	311	363	376	410	3055	2234
2	42	200	178	277	257	6083	2234
2	41	311	366	376	410	2860	2235
2	42	202	188	278	258	5320	2235
2	41	314	368	376	410	2604	2236
2	42	203	196	281	260	4992	2236
2	41	318	370	374	410	2240	2237
2	42	205	204	283	272	5304	2237
2	41	318	374	373	410	1980	2238
2	42	207	214	286	285	5609	2238
2	41	317	378	371	410	1728	2239
2	42	210	223	287	296	5621	2239
2	41	317	378	371	410	1728	2240
2	42	215	237	291	318	6156	2240
2	41	317	378	371	410	1728	2241
2	42	219	238	294	327	6675	2241
2	41	317	378	371	410	1728	2242
2	42	224	239	297	336	7081	2242
2	41	317	378	371	410	1728	2243
2	42	228	239	300	345	7632	2243
2	41	317	378	371	410	1728	2244
2	42	232	243	303	354	7881	2244
2	41	317	378	371	410	1728	2245
2	42	235	276	306	363	6177	2245
1	42	237	278	307	371	6510	2246
1	42	240	272	309	378	7314	2247
1	42	241	278	311	385	7490	2248
1	42	242	291	312	391	7000	2249
1	42	243	299	313	395	6720	2250
1	42	246	303	313	399	6432	2251
1	42	247	309	313	404	6270	2252
1	42	248	312	314	410	6468	2253
1	42	250	308	315	410	6630	2254
1	42	253	311	315	410	6138	2255
1	42	255	336	315	410	4440	2256
1	42	256	318	316	410	5520	2257
1	42	258	343	317	410	3953	2258
1	42	259	340	330	410	4970	2259
1	42	260	342	319	410	4012	2260
1	42	262	342	324	410	4216	2261
1	42	263	343	327	410	4288	2262
1	42	266	342	319	410	3604	2263
1	42	267	367	319	410	2236	2264
1	42	267	346	318	410	3264	2265
1	42	268	353	317	410	2793	2266
1	42	266	359	318	410	2652	2267
1	42	267	365	324	410	2565	2268
1	42	267	368	323	410	2352	2269
1	42	266	367	323	410	2451	2270
1	42	268	368	310	410	1764	2271
1	42	268	368	310	410	1764	2272
1	42	268	368	310	410	1764	2273
1	42	268	368	310	410	1764	2274
1	42	268	368	310	410	1764	2275
1	42	268	368	310	410	1764	2276
1	42	268	368	310	410	1764	2277
0	0	0	0	0	0	0	2278
0	0	0	0	0	0	0	2279
0	0	0	0	0	0	0	2280
0	0	0	0	0	0	0	2281
0	0	0	0	0	0	0	2282
0	0	0	0	0	0	0	2283
0	0	0	0	0	0	0	2284
0	0	0	0	0	0	0	2285
0	0	0	0	0	0	0	2286
0	0	0	0	0	0	0	2287
0	0	0	0	0	0	0	2288
0	0	0	0	0	0	0	2289
0	0	0	0	0	0	0	2290
0	0	0	0	0	0	0	2291
0	0	0	0	0	0	0	2292
0	0	0	0	0	0	0	2293
0	0	0	0	0	0	0	2294
0	0	0	0	0	0	0	2295
0	0	0	0	0	0	0	2296
0	0	0	0	0	0	0	2297
0	0	0	0	0	0	0	2298
0	0	0	0	0	0	0	2299
0	0	0	0	0	0	0	2300
0	0	0	0	0	0	0	2301
0	0	0	0	0	0	0	2302
0	0	0	0	0	0	0	2303
0	0	0	0	0	0	0	2304
0	0	0	0	0	0	0	2305
0	0	0	0	0	0	0	2306
0	0	0	0	0	0	0	2307
0	0	0	0	0	0	0	2308
0	0	0	0	0	0	0	2309
0	0	0	0	0	0	0	2310
0	0	0	0	0	0	0	2311
0	0	0	0	0	0	0	2312
0	0	0	0	0	0	0	2313
0	0	0	0	0	0	0	2314
0	0	0	0	0	0	0	2315
0	0	0	0	0	0	0	2316
0	0	0	0	0	0	0	2317
0	0	0	0	0	0	0	2318
0	0	0	0	0	0	0	2319
0	0	0	0	0	0	0	2320
0	0	0	0	0	0	0	2321
0	0	0	0	0	0	0	2322
0	0	0	0	0	0	0	2323
0	0	0	0	0	0	0	2324
0	0	0	0	0	0	0	2325
0	0	0	0	0	0	0	2326
0	0	0	0	0	0	0	2327
0	0	0	0	0	0	0	2328
0	0	0	0	0	0	0	2329
0	0	0	0	0	0	0	2330
0	0	0	0	0	0	0	2331
0	0	0	0	0	0	0	2332
0	0	0	0	0	0	0	2333
0	0	0	0	0	0	0	2334
0	0	0	0	0	0	0	2335
0	0	0	0	0	0	0	2336
0	0	0	0	0	0	0	2337
0	0	0	0	0	0	0	2338
0	0	0	0	0	0	0	2339
0	0	0	0	0	0	0	2340
0	0	0	0	0	0	0	2341
0	0	0	0	0	0	0	2342
0	0	0	0	0	0	0	2343
0	0	0	0	0	0	0	2344
0	0	0	0	0	0	0	2345
0	0	0	0	0	0	0	2346
0	0	0	0	0	0	0	2347
0	0	0	0	0	0	0	2348
0	0	0	0	0	0	0	2349
0	0	0	0	0	0	0	2350
0	0	0	0	0	0	0	2351
0	0	0	0	0	0	0	2352
0	0	0	0	0	0	0	2353
0	0	0	0	0	0	0	2354
0	0	0	0	0	0	0	2355
0	0	0	0	0	0	0	2356
0	0	0	0	0	0	0	2357
0	0	0	0	0	0	0	2358
0	0	0	0	0	0	0	2359
0	0	0	0	0	0	0	2360
0	0	0	0	0	0	0	2361
0	0	0	0	0	0	0	2362
0	0	0	0	0	0	0	2363
0	0	0	0	0	0	0	2364
0	0	0	0	0	0	0	2365
0	0	0	0	0	0	0	2366
0	0	0	0	0	0	0	2367
0	0	0	0	0	0	0	2368
0	0	0	0	0	0	0	2369
0	0	0	0	0	0	0	2370
0	0	0	0	0	0	0	2371
0	0	0	0	0	0	0	2372
0	0	0	0	0	0	0	2373
0	0	0	0	0	0	0	2374
0	0	0	0	0	0	0	2375
0	0	0	0	0	0	0	2376
0	0	0	0	0	0	0	2377
0	0	0	0	0	0	0	2378
0	0	0	0	0	0	0	2379
0	0	0	0	0	0	0	2380
0	0	0	0	0	0	0	2381
0	0	0	0	0	0	0	2382
0	0	0	0	0	0	0	2383
0	0	0	0	0	0	0	2384
0	0	0	0	0	0	0	2385
0	0	0	0	0	0	0	2386
0	0	0	0	0	0	0	2387
0	0	0	0	0	0	0	2388
0	0	0	0	0	0	0	2389
0	0	0	0	0	0	0	2390
0	0	0	0	0	0	0	2391
0	0	0	0	0	0	0	2392
0	0	0	0	0	0	0	2393
0	0	0	0	0	0	0	2394
0	0	0	0	0	0	0	2395
0	0	0	0	0	0	0	2396
0	0	0	0	0	0	0	2397
0	0	0	0	0	0	0	2398
0	0	0	0	0	0	0	2399
0	0	0	0	0	0	0	2400
0	0	0	0	0	0	0	2401
0	0	0	0	0	0	0	2402
0	0	0	0	0	0	0	2403
0	0	0	0	0	0	0	2404
0	0	0	0	0	0	0	2405
0	0	0	0	0	0	0	2406
0	0	0	0	0	0	0	2407
0	0	0	0	0	0	0	2408
0	0	0	0	0	0	0	2409
0	0	0	0	0	0	0	2410
0	0	0	0	0	0	0	2411
0	0	0	0	0	0	0	2412
0	0	0	0	0	0	0	2413
0	0	0	0	0	0	0	2414
0	0	0	0	0	0	0	2415
0	0	0	0	0	0	0	2416
0	0	0	0	0	0	0	2417
0	0	0	0	0	0	0	2418
0	0	0	0	0	0	0	2419
0	0	0	0	0	0	0	2420
0	0	0	0	0	0	0	2421
0	0	0	0	0	0	0	2422
0	0	0	0	0	0	0	2423
0	0	0	0	0	0	0	2424
0	0	0	0	0	0	0	2425
0	0	0	0	0	0	0	2426
0	0	0	0	0	0	0	2427
0	0	0	0	0	0	0	2428
