detections	cameraID	xmin	ymin	xmax	ymax	area	frame_no
0	0	0	0	0	0	0	0
0	0	0	0	0	0	0	1
0	0	0	0	0	0	0	2
0	0	0	0	0	0	0	3
0	0	0	0	0	0	0	4
0	0	0	0	0	0	0	5
0	0	0	0	0	0	0	6
0	0	0	0	0	0	0	7
0	0	0	0	0	0	0	8
0	0	0	0	0	0	0	9
0	0	0	0	0	0	0	10
0	0	0	0	0	0	0	11
0	0	0	0	0	0	0	12
0	0	0	0	0	0	0	13
0	0	0	0	0	0	0	14
0	0	0	0	0	0	0	15
0	0	0	0	0	0	0	16
0	0	0	0	0	0	0	17
0	0	0	0	0	0	0	18
0	0	0	0	0	0	0	19
0	0	0	0	0	0	0	20
0	0	0	0	0	0	0	21
0	0	0	0	0	0	0	22
0	0	0	0	0	0	0	23
0	0	0	0	0	0	0	24
0	0	0	0	0	0	0	25
0	0	0	0	0	0	0	26
0	0	0	0	0	0	0	27
0	0	0	0	0	0	0	28
0	0	0	0	0	0	0	29
0	0	0	0	0	0	0	30
0	0	0	0	0	0	0	31
0	0	0	0	0	0	0	32
0	0	0	0	0	0	0	33
0	0	0	0	0	0	0	34
0	0	0	0	0	0	0	35
0	0	0	0	0	0	0	36
0	0	0	0	0	0	0	37
0	0	0	0	0	0	0	38
0	0	0	0	0	0	0	39
0	0	0	0	0	0	0	40
0	0	0	0	0	0	0	41
0	0	0	0	0	0	0	42
0	0	0	0	0	0	0	43
0	0	0	0	0	0	0	44
0	0	0	0	0	0	0	45
0	0	0	0	0	0	0	46
0	0	0	0	0	0	0	47
0	0	0	0	0	0	0	48
0	0	0	0	0	0	0	49
0	0	0	0	0	0	0	50
0	0	0	0	0	0	0	51
0	0	0	0	0	0	0	52
0	0	0	0	0	0	0	53
0	0	0	0	0	0	0	54
0	0	0	0	0	0	0	55
0	0	0	0	0	0	0	56
0	0	0	0	0	0	0	57
0	0	0	0	0	0	0	58
0	0	0	0	0	0	0	59
0	0	0	0	0	0	0	60
0	0	0	0	0	0	0	61
0	0	0	0	0	0	0	62
0	0	0	0	0	0	0	63
0	0	0	0	0	0	0	64
0	0	0	0	0	0	0	65
0	0	0	0	0	0	0	66
0	0	0	0	0	0	0	67
0	0	0	0	0	0	0	68
0	0	0	0	0	0	0	69
0	0	0	0	0	0	0	70
0	0	0	0	0	0	0	71
0	0	0	0	0	0	0	72
0	0	0	0	0	0	0	73
0	0	0	0	0	0	0	74
0	0	0	0	0	0	0	75
0	0	0	0	0	0	0	76
0	0	0	0	0	0	0	77
0	0	0	0	0	0	0	78
0	0	0	0	0	0	0	79
0	0	0	0	0	0	0	80
0	0	0	0	0	0	0	81
0	0	0	0	0	0	0	82
0	0	0	0	0	0	0	83
0	0	0	0	0	0	0	84
0	0	0	0	0	0	0	85
0	0	0	0	0	0	0	86
0	0	0	0	0	0	0	87
0	0	0	0	0	0	0	88
0	0	0	0	0	0	0	89
0	0	0	0	0	0	0	90
0	0	0	0	0	0	0	91
0	0	0	0	0	0	0	92
0	0	0	0	0	0	0	93
0	0	0	0	0	0	0	94
0	0	0	0	0	0	0	95
0	0	0	0	0	0	0	96
0	0	0	0	0	0	0	97
0	0	0	0	0	0	0	98
0	0	0	0	0	0	0	99
0	0	0	0	0	0	0	100
0	0	0	0	0	0	0	101
0	0	0	0	0	0	0	102
0	0	0	0	0	0	0	103
0	0	0	0	0	0	0	104
0	0	0	0	0	0	0	105
0	0	0	0	0	0	0	106
0	0	0	0	0	0	0	107
0	0	0	0	0	0	0	108
0	0	0	0	0	0	0	109
0	0	0	0	0	0	0	110
0	0	0	0	0	0	0	111
0	0	0	0	0	0	0	112
0	0	0	0	0	0	0	113
0	0	0	0	0	0	0	114
0	0	0	0	0	0	0	115
0	0	0	0	0	0	0	116
0	0	0	0	0	0	0	117
0	0	0	0	0	0	0	118
0	0	0	0	0	0	0	119
0	0	0	0	0	0	0	120
0	0	0	0	0	0	0	121
0	0	0	0	0	0	0	122
0	0	0	0	0	0	0	123
0	0	0	0	0	0	0	124
0	0	0	0	0	0	0	125
0	0	0	0	0	0	0	126
0	0	0	0	0	0	0	127
0	0	0	0	0	0	0	128
0	0	0	0	0	0	0	129
0	0	0	0	0	0	0	130
0	0	0	0	0	0	0	131
0	0	0	0	0	0	0	132
0	0	0	0	0	0	0	133
0	0	0	0	0	0	0	134
0	0	0	0	0	0	0	135
0	0	0	0	0	0	0	136
0	0	0	0	0	0	0	137
0	0	0	0	0	0	0	138
0	0	0	0	0	0	0	139
0	0	0	0	0	0	0	140
0	0	0	0	0	0	0	141
0	0	0	0	0	0	0	142
0	0	0	0	0	0	0	143
0	0	0	0	0	0	0	144
0	0	0	0	0	0	0	145
0	0	0	0	0	0	0	146
0	0	0	0	0	0	0	147
0	0	0	0	0	0	0	148
0	0	0	0	0	0	0	149
0	0	0	0	0	0	0	150
0	0	0	0	0	0	0	151
0	0	0	0	0	0	0	152
0	0	0	0	0	0	0	153
0	0	0	0	0	0	0	154
0	0	0	0	0	0	0	155
0	0	0	0	0	0	0	156
0	0	0	0	0	0	0	157
0	0	0	0	0	0	0	158
0	0	0	0	0	0	0	159
0	0	0	0	0	0	0	160
0	0	0	0	0	0	0	161
0	0	0	0	0	0	0	162
0	0	0	0	0	0	0	163
0	0	0	0	0	0	0	164
0	0	0	0	0	0	0	165
0	0	0	0	0	0	0	166
0	0	0	0	0	0	0	167
0	0	0	0	0	0	0	168
0	0	0	0	0	0	0	169
0	0	0	0	0	0	0	170
0	0	0	0	0	0	0	171
0	0	0	0	0	0	0	172
0	0	0	0	0	0	0	173
0	0	0	0	0	0	0	174
0	0	0	0	0	0	0	175
0	0	0	0	0	0	0	176
0	0	0	0	0	0	0	177
0	0	0	0	0	0	0	178
0	0	0	0	0	0	0	179
0	0	0	0	0	0	0	180
0	0	0	0	0	0	0	181
0	0	0	0	0	0	0	182
0	0	0	0	0	0	0	183
0	0	0	0	0	0	0	184
0	0	0	0	0	0	0	185
0	0	0	0	0	0	0	186
0	0	0	0	0	0	0	187
0	0	0	0	0	0	0	188
0	0	0	0	0	0	0	189
0	0	0	0	0	0	0	190
0	0	0	0	0	0	0	191
0	0	0	0	0	0	0	192
0	0	0	0	0	0	0	193
0	0	0	0	0	0	0	194
0	0	0	0	0	0	0	195
0	0	0	0	0	0	0	196
0	0	0	0	0	0	0	197
0	0	0	0	0	0	0	198
0	0	0	0	0	0	0	199
0	0	0	0	0	0	0	200
0	0	0	0	0	0	0	201
0	0	0	0	0	0	0	202
0	0	0	0	0	0	0	203
0	0	0	0	0	0	0	204
0	0	0	0	0	0	0	205
0	0	0	0	0	0	0	206
0	0	0	0	0	0	0	207
0	0	0	0	0	0	0	208
0	0	0	0	0	0	0	209
0	0	0	0	0	0	0	210
0	0	0	0	0	0	0	211
0	0	0	0	0	0	0	212
0	0	0	0	0	0	0	213
0	0	0	0	0	0	0	214
0	0	0	0	0	0	0	215
0	0	0	0	0	0	0	216
0	0	0	0	0	0	0	217
0	0	0	0	0	0	0	218
0	0	0	0	0	0	0	219
0	0	0	0	0	0	0	220
0	0	0	0	0	0	0	221
0	0	0	0	0	0	0	222
0	0	0	0	0	0	0	223
0	0	0	0	0	0	0	224
0	0	0	0	0	0	0	225
0	0	0	0	0	0	0	226
0	0	0	0	0	0	0	227
0	0	0	0	0	0	0	228
0	0	0	0	0	0	0	229
0	0	0	0	0	0	0	230
0	0	0	0	0	0	0	231
0	0	0	0	0	0	0	232
0	0	0	0	0	0	0	233
5	1	90	333	232	400	9514	234
5	2	235	183	390	400	33635	234
5	3	243	100	390	217	17199	234
5	4	178	100	240	159	3658	234
5	5	90	100	229	332	32248	234
13	1	90	333	216	400	8442	235
13	2	235	183	390	400	33635	235
13	3	307	121	390	217	7968	235
13	4	178	100	236	142	2436	235
13	5	90	157	191	260	10403	235
13	6	354	303	390	370	2412	235
13	7	241	289	373	400	14652	235
13	8	136	284	229	332	4464	235
13	9	101	279	138	324	1665	235
13	10	241	221	288	277	2632	235
13	11	297	214	364	273	3953	235
13	12	243	100	335	143	3956	235
13	13	90	100	180	168	6120	235
12	1	90	333	216	400	8442	236
12	3	307	121	390	216	7885	236
12	4	178	100	236	142	2436	236
12	5	90	183	191	260	7777	236
12	6	354	303	390	370	2412	236
12	7	241	289	351	377	9680	236
12	8	136	284	229	332	4464	236
12	9	101	279	138	324	1665	236
12	10	241	222	284	274	2236	236
12	11	297	214	364	273	3953	236
12	12	243	100	305	143	2666	236
12	13	92	100	180	168	5984	236
9	1	90	333	216	400	8442	237
9	3	307	121	377	201	5600	237
9	4	179	100	218	142	1638	237
9	5	101	212	143	260	2016	237
9	7	241	295	285	364	3036	237
9	10	241	222	284	274	2236	237
9	12	243	100	305	143	2666	237
9	13	92	100	171	162	4898	237
9	14	304	314	351	377	2961	237
8	3	346	121	377	197	2356	238
8	4	179	100	218	142	1638	238
8	5	103	212	142	256	1716	238
8	7	241	295	283	364	2898	238
8	10	241	222	284	274	2236	238
8	12	243	100	305	143	2666	238
8	13	92	100	163	162	4402	238
8	14	304	314	351	377	2961	238
6	3	346	121	377	197	2356	239
6	4	179	100	218	142	1638	239
6	5	103	215	142	256	1599	239
6	7	241	295	283	364	2898	239
6	13	92	100	163	162	4402	239
6	14	304	314	351	377	2961	239
6	3	346	121	377	197	2356	240
6	4	179	100	218	142	1638	240
6	5	103	215	142	256	1599	240
6	7	241	295	283	364	2898	240
6	13	92	100	163	159	4189	240
6	14	304	314	351	377	2961	240
5	3	346	121	377	197	2356	241
5	5	103	215	142	256	1599	241
5	7	241	295	283	364	2898	241
5	13	92	100	152	157	3420	241
5	14	304	314	351	377	2961	241
4	3	346	121	377	197	2356	242
4	5	103	215	142	256	1599	242
4	13	92	100	152	153	3180	242
4	14	304	314	351	377	2961	242
2	5	103	215	142	256	1599	243
2	13	92	100	152	153	3180	243
2	5	103	215	142	256	1599	244
2	13	92	100	152	153	3180	244
1	13	92	100	152	153	3180	245
1	13	92	100	152	153	3180	246
1	13	92	100	152	153	3180	247
1	13	92	100	152	152	3120	248
1	13	92	100	152	152	3120	249
1	13	93	100	152	152	3068	250
1	13	93	100	152	152	3068	251
1	13	93	100	152	152	3068	252
1	13	93	100	151	152	3016	253
1	13	93	100	151	152	3016	254
1	13	93	100	151	152	3016	255
1	13	93	100	151	152	3016	256
1	13	94	100	151	152	2964	257
1	13	94	100	151	152	2964	258
1	13	94	100	151	152	2964	259
1	13	94	100	150	152	2912	260
1	13	94	100	150	152	2912	261
1	13	94	100	150	151	2856	262
1	13	94	100	150	151	2856	263
1	13	94	100	150	151	2856	264
1	13	94	100	150	151	2856	265
1	13	94	100	150	151	2856	266
1	13	94	100	150	151	2856	267
1	13	94	100	150	151	2856	268
1	13	94	100	150	151	2856	269
1	13	93	100	150	151	2907	270
1	13	93	100	150	151	2907	271
1	13	94	100	149	151	2805	272
1	13	94	100	150	151	2856	273
1	13	94	100	149	151	2805	274
1	13	94	100	149	151	2805	275
1	13	94	100	149	151	2805	276
1	13	94	100	149	151	2805	277
1	13	94	100	149	151	2805	278
1	13	94	100	149	151	2805	279
1	13	94	100	149	151	2805	280
1	13	94	100	149	151	2805	281
1	13	94	100	149	151	2805	282
1	13	94	100	148	151	2754	283
1	13	94	100	148	151	2754	284
1	13	94	100	148	151	2754	285
1	13	94	100	148	151	2754	286
1	13	95	100	148	150	2650	287
1	13	95	100	148	150	2650	288
1	13	94	100	148	150	2700	289
1	13	95	100	148	150	2650	290
1	13	95	100	148	150	2650	291
1	13	95	100	148	150	2650	292
1	13	95	100	148	150	2650	293
1	13	94	100	148	150	2700	294
1	13	94	100	148	150	2700	295
1	13	94	100	148	150	2700	296
1	13	95	100	148	150	2650	297
1	13	95	100	148	150	2650	298
1	13	95	100	148	150	2650	299
1	13	95	100	148	150	2650	300
1	13	95	100	148	150	2650	301
1	13	96	100	148	150	2600	302
1	13	96	100	148	150	2600	303
1	13	96	100	148	150	2600	304
1	13	96	100	148	150	2600	305
1	13	95	100	148	150	2650	306
1	13	96	100	147	150	2550	307
1	13	96	100	147	150	2550	308
1	13	96	100	147	150	2550	309
1	13	96	100	147	150	2550	310
1	13	96	100	147	150	2550	311
1	13	96	100	147	150	2550	312
1	13	96	100	147	150	2550	313
1	13	96	100	147	150	2550	314
1	13	96	100	147	150	2550	315
1	13	96	100	147	150	2550	316
1	13	96	100	147	150	2550	317
1	13	96	100	147	150	2550	318
1	13	96	100	147	150	2550	319
1	13	96	100	147	150	2550	320
1	13	96	100	147	150	2550	321
1	13	95	100	147	150	2600	322
1	13	96	100	147	150	2550	323
1	13	95	100	147	150	2600	324
1	13	95	100	147	150	2600	325
1	13	95	100	147	150	2600	326
1	13	95	100	147	150	2600	327
1	13	95	100	147	150	2600	328
1	13	94	100	147	150	2650	329
1	13	95	100	147	150	2600	330
1	13	95	100	147	150	2600	331
1	13	95	100	147	150	2600	332
1	13	95	100	147	150	2600	333
1	13	95	100	147	149	2548	334
1	13	95	100	147	149	2548	335
1	13	95	100	147	149	2548	336
1	13	94	100	147	149	2597	337
1	13	94	100	147	149	2597	338
1	13	94	100	147	149	2597	339
1	13	94	100	147	149	2597	340
1	13	94	100	147	149	2597	341
1	13	94	100	147	149	2597	342
1	13	94	100	147	149	2597	343
1	13	95	100	147	149	2548	344
1	13	95	100	147	149	2548	345
1	13	95	100	147	149	2548	346
1	13	95	100	147	149	2548	347
1	13	95	100	146	149	2499	348
1	13	95	100	146	149	2499	349
1	13	95	100	146	149	2499	350
1	13	95	100	146	149	2499	351
1	13	95	100	146	149	2499	352
1	13	95	100	147	149	2548	353
1	13	96	100	146	149	2450	354
1	13	95	100	146	149	2499	355
1	13	96	100	147	149	2499	356
1	13	96	100	147	149	2499	357
1	13	96	100	147	149	2499	358
1	13	96	100	147	149	2499	359
1	13	96	100	147	149	2499	360
1	13	96	100	147	149	2499	361
1	13	96	100	147	149	2499	362
1	13	96	100	147	149	2499	363
1	13	96	100	147	149	2499	364
1	13	96	100	146	149	2450	365
1	13	98	100	146	149	2352	366
1	13	96	100	147	149	2499	367
1	13	98	100	146	149	2352	368
1	13	98	100	146	149	2352	369
1	13	99	100	146	149	2303	370
1	13	96	100	146	149	2450	371
1	13	99	100	146	149	2303	372
1	13	96	100	146	149	2450	373
1	13	96	100	147	149	2499	374
1	13	96	100	142	149	2254	375
1	13	96	100	142	149	2254	376
1	13	96	100	147	149	2499	377
1	13	96	100	147	149	2499	378
1	13	101	100	147	149	2254	379
1	13	101	100	147	149	2254	380
1	13	101	100	147	149	2254	381
1	13	101	100	147	149	2254	382
1	13	96	100	147	149	2499	383
1	13	96	100	147	149	2499	384
1	13	96	100	147	149	2499	385
1	13	96	100	147	149	2499	386
1	13	98	100	146	149	2352	387
1	13	98	100	146	149	2352	388
1	13	98	100	146	149	2352	389
1	13	98	100	146	149	2352	390
1	13	98	100	146	149	2352	391
1	13	98	100	146	149	2352	392
1	13	98	100	146	149	2352	393
1	13	98	100	146	149	2352	394
1	13	98	100	147	149	2401	395
1	13	98	100	147	149	2401	396
1	13	98	100	147	149	2401	397
1	13	98	100	147	149	2401	398
1	13	98	100	146	149	2352	399
1	13	98	100	146	149	2352	400
1	13	98	100	146	149	2352	401
1	13	98	100	146	149	2352	402
1	13	98	100	146	149	2352	403
1	13	98	100	147	149	2401	404
1	13	96	100	147	149	2499	405
1	13	98	100	147	149	2401	406
1	13	98	100	147	149	2401	407
1	13	98	100	147	149	2401	408
1	13	98	100	147	149	2401	409
1	13	98	100	147	149	2401	410
1	13	98	100	147	149	2401	411
1	13	98	100	147	149	2401	412
1	13	98	100	141	149	2107	413
1	13	98	100	147	149	2401	414
1	13	98	100	141	149	2107	415
1	13	101	100	141	149	1960	416
1	13	101	100	141	149	1960	417
1	13	96	100	141	149	2205	418
1	13	96	100	147	149	2499	419
1	13	101	100	141	149	1960	420
1	13	101	100	141	149	1960	421
1	13	98	100	141	149	2107	422
1	13	98	100	141	149	2107	423
1	13	101	100	141	149	1960	424
1	13	98	100	141	149	2107	425
1	13	98	100	141	149	2107	426
1	13	97	100	139	148	2016	427
1	13	98	100	141	148	2064	428
1	13	97	100	146	148	2352	429
1	13	97	100	146	148	2352	430
1	13	97	100	146	148	2352	431
1	13	98	100	146	146	2208	432
1	13	98	100	147	146	2254	433
1	13	98	100	147	146	2254	434
1	13	98	100	147	146	2254	435
1	13	97	100	147	146	2300	436
1	13	97	100	147	146	2300	437
1	13	97	100	147	146	2300	438
1	13	97	100	147	146	2300	439
1	13	97	100	147	146	2300	440
1	13	97	100	147	146	2300	441
1	13	98	100	138	146	1840	442
1	13	98	100	138	146	1840	443
1	13	98	100	138	146	1840	444
1	13	96	100	147	146	2346	445
1	13	97	100	137	146	1840	446
1	13	97	100	137	146	1840	447
1	13	99	100	137	146	1748	448
1	13	99	100	137	146	1748	449
1	13	99	100	137	146	1748	450
1	13	99	100	137	146	1748	451
1	13	99	100	137	146	1748	452
1	13	99	100	137	146	1748	453
1	13	99	100	137	146	1748	454
1	13	99	100	137	146	1748	455
1	13	99	100	137	146	1748	456
0	0	0	0	0	0	0	457
0	0	0	0	0	0	0	458
0	0	0	0	0	0	0	459
0	0	0	0	0	0	0	460
0	0	0	0	0	0	0	461
0	0	0	0	0	0	0	462
0	0	0	0	0	0	0	463
0	0	0	0	0	0	0	464
0	0	0	0	0	0	0	465
0	0	0	0	0	0	0	466
0	0	0	0	0	0	0	467
0	0	0	0	0	0	0	468
0	0	0	0	0	0	0	469
0	0	0	0	0	0	0	470
0	0	0	0	0	0	0	471
0	0	0	0	0	0	0	472
0	0	0	0	0	0	0	473
0	0	0	0	0	0	0	474
0	0	0	0	0	0	0	475
0	0	0	0	0	0	0	476
0	0	0	0	0	0	0	477
0	0	0	0	0	0	0	478
0	0	0	0	0	0	0	479
0	0	0	0	0	0	0	480
0	0	0	0	0	0	0	481
0	0	0	0	0	0	0	482
0	0	0	0	0	0	0	483
0	0	0	0	0	0	0	484
0	0	0	0	0	0	0	485
0	0	0	0	0	0	0	486
0	0	0	0	0	0	0	487
0	0	0	0	0	0	0	488
0	0	0	0	0	0	0	489
0	0	0	0	0	0	0	490
0	0	0	0	0	0	0	491
0	0	0	0	0	0	0	492
0	0	0	0	0	0	0	493
0	0	0	0	0	0	0	494
0	0	0	0	0	0	0	495
0	0	0	0	0	0	0	496
0	0	0	0	0	0	0	497
0	0	0	0	0	0	0	498
0	0	0	0	0	0	0	499
0	0	0	0	0	0	0	500
0	0	0	0	0	0	0	501
0	0	0	0	0	0	0	502
0	0	0	0	0	0	0	503
0	0	0	0	0	0	0	504
0	0	0	0	0	0	0	505
0	0	0	0	0	0	0	506
0	0	0	0	0	0	0	507
0	0	0	0	0	0	0	508
0	0	0	0	0	0	0	509
0	0	0	0	0	0	0	510
0	0	0	0	0	0	0	511
0	0	0	0	0	0	0	512
0	0	0	0	0	0	0	513
0	0	0	0	0	0	0	514
0	0	0	0	0	0	0	515
0	0	0	0	0	0	0	516
0	0	0	0	0	0	0	517
0	0	0	0	0	0	0	518
0	0	0	0	0	0	0	519
0	0	0	0	0	0	0	520
0	0	0	0	0	0	0	521
0	0	0	0	0	0	0	522
0	0	0	0	0	0	0	523
0	0	0	0	0	0	0	524
0	0	0	0	0	0	0	525
0	0	0	0	0	0	0	526
0	0	0	0	0	0	0	527
0	0	0	0	0	0	0	528
0	0	0	0	0	0	0	529
0	0	0	0	0	0	0	530
0	0	0	0	0	0	0	531
0	0	0	0	0	0	0	532
0	0	0	0	0	0	0	533
0	0	0	0	0	0	0	534
0	0	0	0	0	0	0	535
0	0	0	0	0	0	0	536
0	0	0	0	0	0	0	537
0	0	0	0	0	0	0	538
0	0	0	0	0	0	0	539
0	0	0	0	0	0	0	540
0	0	0	0	0	0	0	541
0	0	0	0	0	0	0	542
0	0	0	0	0	0	0	543
0	0	0	0	0	0	0	544
0	0	0	0	0	0	0	545
0	0	0	0	0	0	0	546
0	0	0	0	0	0	0	547
0	0	0	0	0	0	0	548
0	0	0	0	0	0	0	549
0	0	0	0	0	0	0	550
0	0	0	0	0	0	0	551
0	0	0	0	0	0	0	552
0	0	0	0	0	0	0	553
0	0	0	0	0	0	0	554
0	0	0	0	0	0	0	555
0	0	0	0	0	0	0	556
0	0	0	0	0	0	0	557
0	0	0	0	0	0	0	558
0	0	0	0	0	0	0	559
0	0	0	0	0	0	0	560
0	0	0	0	0	0	0	561
0	0	0	0	0	0	0	562
0	0	0	0	0	0	0	563
0	0	0	0	0	0	0	564
0	0	0	0	0	0	0	565
0	0	0	0	0	0	0	566
0	0	0	0	0	0	0	567
0	0	0	0	0	0	0	568
0	0	0	0	0	0	0	569
0	0	0	0	0	0	0	570
0	0	0	0	0	0	0	571
0	0	0	0	0	0	0	572
0	0	0	0	0	0	0	573
0	0	0	0	0	0	0	574
0	0	0	0	0	0	0	575
0	0	0	0	0	0	0	576
0	0	0	0	0	0	0	577
0	0	0	0	0	0	0	578
0	0	0	0	0	0	0	579
0	0	0	0	0	0	0	580
0	0	0	0	0	0	0	581
0	0	0	0	0	0	0	582
0	0	0	0	0	0	0	583
0	0	0	0	0	0	0	584
0	0	0	0	0	0	0	585
0	0	0	0	0	0	0	586
0	0	0	0	0	0	0	587
0	0	0	0	0	0	0	588
0	0	0	0	0	0	0	589
0	0	0	0	0	0	0	590
0	0	0	0	0	0	0	591
0	0	0	0	0	0	0	592
0	0	0	0	0	0	0	593
0	0	0	0	0	0	0	594
0	0	0	0	0	0	0	595
0	0	0	0	0	0	0	596
0	0	0	0	0	0	0	597
0	0	0	0	0	0	0	598
0	0	0	0	0	0	0	599
0	0	0	0	0	0	0	600
0	0	0	0	0	0	0	601
0	0	0	0	0	0	0	602
0	0	0	0	0	0	0	603
0	0	0	0	0	0	0	604
0	0	0	0	0	0	0	605
0	0	0	0	0	0	0	606
0	0	0	0	0	0	0	607
0	0	0	0	0	0	0	608
0	0	0	0	0	0	0	609
0	0	0	0	0	0	0	610
0	0	0	0	0	0	0	611
0	0	0	0	0	0	0	612
0	0	0	0	0	0	0	613
0	0	0	0	0	0	0	614
0	0	0	0	0	0	0	615
0	0	0	0	0	0	0	616
0	0	0	0	0	0	0	617
0	0	0	0	0	0	0	618
0	0	0	0	0	0	0	619
0	0	0	0	0	0	0	620
0	0	0	0	0	0	0	621
0	0	0	0	0	0	0	622
0	0	0	0	0	0	0	623
0	0	0	0	0	0	0	624
0	0	0	0	0	0	0	625
0	0	0	0	0	0	0	626
0	0	0	0	0	0	0	627
0	0	0	0	0	0	0	628
0	0	0	0	0	0	0	629
0	0	0	0	0	0	0	630
0	0	0	0	0	0	0	631
0	0	0	0	0	0	0	632
0	0	0	0	0	0	0	633
0	0	0	0	0	0	0	634
0	0	0	0	0	0	0	635
0	0	0	0	0	0	0	636
0	0	0	0	0	0	0	637
0	0	0	0	0	0	0	638
0	0	0	0	0	0	0	639
0	0	0	0	0	0	0	640
0	0	0	0	0	0	0	641
0	0	0	0	0	0	0	642
0	0	0	0	0	0	0	643
0	0	0	0	0	0	0	644
0	0	0	0	0	0	0	645
0	0	0	0	0	0	0	646
0	0	0	0	0	0	0	647
0	0	0	0	0	0	0	648
0	0	0	0	0	0	0	649
0	0	0	0	0	0	0	650
0	0	0	0	0	0	0	651
0	0	0	0	0	0	0	652
0	0	0	0	0	0	0	653
0	0	0	0	0	0	0	654
0	0	0	0	0	0	0	655
0	0	0	0	0	0	0	656
0	0	0	0	0	0	0	657
0	0	0	0	0	0	0	658
0	0	0	0	0	0	0	659
0	0	0	0	0	0	0	660
0	0	0	0	0	0	0	661
0	0	0	0	0	0	0	662
0	0	0	0	0	0	0	663
0	0	0	0	0	0	0	664
0	0	0	0	0	0	0	665
0	0	0	0	0	0	0	666
0	0	0	0	0	0	0	667
0	0	0	0	0	0	0	668
0	0	0	0	0	0	0	669
0	0	0	0	0	0	0	670
0	0	0	0	0	0	0	671
0	0	0	0	0	0	0	672
0	0	0	0	0	0	0	673
0	0	0	0	0	0	0	674
0	0	0	0	0	0	0	675
0	0	0	0	0	0	0	676
0	0	0	0	0	0	0	677
0	0	0	0	0	0	0	678
0	0	0	0	0	0	0	679
0	0	0	0	0	0	0	680
0	0	0	0	0	0	0	681
0	0	0	0	0	0	0	682
0	0	0	0	0	0	0	683
0	0	0	0	0	0	0	684
0	0	0	0	0	0	0	685
0	0	0	0	0	0	0	686
0	0	0	0	0	0	0	687
0	0	0	0	0	0	0	688
0	0	0	0	0	0	0	689
0	0	0	0	0	0	0	690
0	0	0	0	0	0	0	691
0	0	0	0	0	0	0	692
0	0	0	0	0	0	0	693
0	0	0	0	0	0	0	694
0	0	0	0	0	0	0	695
0	0	0	0	0	0	0	696
0	0	0	0	0	0	0	697
0	0	0	0	0	0	0	698
0	0	0	0	0	0	0	699
0	0	0	0	0	0	0	700
0	0	0	0	0	0	0	701
0	0	0	0	0	0	0	702
0	0	0	0	0	0	0	703
0	0	0	0	0	0	0	704
0	0	0	0	0	0	0	705
0	0	0	0	0	0	0	706
0	0	0	0	0	0	0	707
0	0	0	0	0	0	0	708
0	0	0	0	0	0	0	709
0	0	0	0	0	0	0	710
0	0	0	0	0	0	0	711
0	0	0	0	0	0	0	712
0	0	0	0	0	0	0	713
0	0	0	0	0	0	0	714
0	0	0	0	0	0	0	715
0	0	0	0	0	0	0	716
0	0	0	0	0	0	0	717
0	0	0	0	0	0	0	718
0	0	0	0	0	0	0	719
0	0	0	0	0	0	0	720
0	0	0	0	0	0	0	721
0	0	0	0	0	0	0	722
0	0	0	0	0	0	0	723
0	0	0	0	0	0	0	724
0	0	0	0	0	0	0	725
0	0	0	0	0	0	0	726
0	0	0	0	0	0	0	727
0	0	0	0	0	0	0	728
0	0	0	0	0	0	0	729
0	0	0	0	0	0	0	730
0	0	0	0	0	0	0	731
0	0	0	0	0	0	0	732
0	0	0	0	0	0	0	733
0	0	0	0	0	0	0	734
0	0	0	0	0	0	0	735
0	0	0	0	0	0	0	736
0	0	0	0	0	0	0	737
0	0	0	0	0	0	0	738
0	0	0	0	0	0	0	739
0	0	0	0	0	0	0	740
0	0	0	0	0	0	0	741
0	0	0	0	0	0	0	742
0	0	0	0	0	0	0	743
0	0	0	0	0	0	0	744
0	0	0	0	0	0	0	745
0	0	0	0	0	0	0	746
0	0	0	0	0	0	0	747
0	0	0	0	0	0	0	748
0	0	0	0	0	0	0	749
0	0	0	0	0	0	0	750
0	0	0	0	0	0	0	751
0	0	0	0	0	0	0	752
0	0	0	0	0	0	0	753
0	0	0	0	0	0	0	754
0	0	0	0	0	0	0	755
0	0	0	0	0	0	0	756
0	0	0	0	0	0	0	757
0	0	0	0	0	0	0	758
0	0	0	0	0	0	0	759
0	0	0	0	0	0	0	760
0	0	0	0	0	0	0	761
0	0	0	0	0	0	0	762
0	0	0	0	0	0	0	763
0	0	0	0	0	0	0	764
0	0	0	0	0	0	0	765
0	0	0	0	0	0	0	766
0	0	0	0	0	0	0	767
0	0	0	0	0	0	0	768
0	0	0	0	0	0	0	769
0	0	0	0	0	0	0	770
0	0	0	0	0	0	0	771
0	0	0	0	0	0	0	772
0	0	0	0	0	0	0	773
0	0	0	0	0	0	0	774
0	0	0	0	0	0	0	775
0	0	0	0	0	0	0	776
0	0	0	0	0	0	0	777
0	0	0	0	0	0	0	778
0	0	0	0	0	0	0	779
0	0	0	0	0	0	0	780
0	0	0	0	0	0	0	781
0	0	0	0	0	0	0	782
0	0	0	0	0	0	0	783
0	0	0	0	0	0	0	784
0	0	0	0	0	0	0	785
0	0	0	0	0	0	0	786
0	0	0	0	0	0	0	787
0	0	0	0	0	0	0	788
0	0	0	0	0	0	0	789
0	0	0	0	0	0	0	790
0	0	0	0	0	0	0	791
0	0	0	0	0	0	0	792
0	0	0	0	0	0	0	793
0	0	0	0	0	0	0	794
0	0	0	0	0	0	0	795
0	0	0	0	0	0	0	796
0	0	0	0	0	0	0	797
0	0	0	0	0	0	0	798
0	0	0	0	0	0	0	799
0	0	0	0	0	0	0	800
0	0	0	0	0	0	0	801
0	0	0	0	0	0	0	802
0	0	0	0	0	0	0	803
0	0	0	0	0	0	0	804
0	0	0	0	0	0	0	805
0	0	0	0	0	0	0	806
0	0	0	0	0	0	0	807
0	0	0	0	0	0	0	808
0	0	0	0	0	0	0	809
0	0	0	0	0	0	0	810
0	0	0	0	0	0	0	811
0	0	0	0	0	0	0	812
0	0	0	0	0	0	0	813
0	0	0	0	0	0	0	814
0	0	0	0	0	0	0	815
0	0	0	0	0	0	0	816
0	0	0	0	0	0	0	817
0	0	0	0	0	0	0	818
0	0	0	0	0	0	0	819
0	0	0	0	0	0	0	820
0	0	0	0	0	0	0	821
0	0	0	0	0	0	0	822
0	0	0	0	0	0	0	823
0	0	0	0	0	0	0	824
0	0	0	0	0	0	0	825
0	0	0	0	0	0	0	826
0	0	0	0	0	0	0	827
0	0	0	0	0	0	0	828
0	0	0	0	0	0	0	829
0	0	0	0	0	0	0	830
0	0	0	0	0	0	0	831
0	0	0	0	0	0	0	832
0	0	0	0	0	0	0	833
0	0	0	0	0	0	0	834
0	0	0	0	0	0	0	835
0	0	0	0	0	0	0	836
0	0	0	0	0	0	0	837
0	0	0	0	0	0	0	838
0	0	0	0	0	0	0	839
0	0	0	0	0	0	0	840
0	0	0	0	0	0	0	841
0	0	0	0	0	0	0	842
0	0	0	0	0	0	0	843
0	0	0	0	0	0	0	844
0	0	0	0	0	0	0	845
0	0	0	0	0	0	0	846
0	0	0	0	0	0	0	847
0	0	0	0	0	0	0	848
0	0	0	0	0	0	0	849
0	0	0	0	0	0	0	850
0	0	0	0	0	0	0	851
0	0	0	0	0	0	0	852
0	0	0	0	0	0	0	853
0	0	0	0	0	0	0	854
0	0	0	0	0	0	0	855
0	0	0	0	0	0	0	856
0	0	0	0	0	0	0	857
0	0	0	0	0	0	0	858
0	0	0	0	0	0	0	859
0	0	0	0	0	0	0	860
0	0	0	0	0	0	0	861
0	0	0	0	0	0	0	862
0	0	0	0	0	0	0	863
0	0	0	0	0	0	0	864
0	0	0	0	0	0	0	865
0	0	0	0	0	0	0	866
0	0	0	0	0	0	0	867
0	0	0	0	0	0	0	868
0	0	0	0	0	0	0	869
0	0	0	0	0	0	0	870
0	0	0	0	0	0	0	871
0	0	0	0	0	0	0	872
0	0	0	0	0	0	0	873
0	0	0	0	0	0	0	874
0	0	0	0	0	0	0	875
0	0	0	0	0	0	0	876
0	0	0	0	0	0	0	877
0	0	0	0	0	0	0	878
0	0	0	0	0	0	0	879
0	0	0	0	0	0	0	880
0	0	0	0	0	0	0	881
0	0	0	0	0	0	0	882
0	0	0	0	0	0	0	883
0	0	0	0	0	0	0	884
0	0	0	0	0	0	0	885
0	0	0	0	0	0	0	886
0	0	0	0	0	0	0	887
0	0	0	0	0	0	0	888
0	0	0	0	0	0	0	889
0	0	0	0	0	0	0	890
0	0	0	0	0	0	0	891
0	0	0	0	0	0	0	892
0	0	0	0	0	0	0	893
0	0	0	0	0	0	0	894
0	0	0	0	0	0	0	895
0	0	0	0	0	0	0	896
0	0	0	0	0	0	0	897
0	0	0	0	0	0	0	898
0	0	0	0	0	0	0	899
0	0	0	0	0	0	0	900
0	0	0	0	0	0	0	901
0	0	0	0	0	0	0	902
0	0	0	0	0	0	0	903
0	0	0	0	0	0	0	904
0	0	0	0	0	0	0	905
0	0	0	0	0	0	0	906
0	0	0	0	0	0	0	907
0	0	0	0	0	0	0	908
0	0	0	0	0	0	0	909
0	0	0	0	0	0	0	910
0	0	0	0	0	0	0	911
0	0	0	0	0	0	0	912
0	0	0	0	0	0	0	913
0	0	0	0	0	0	0	914
0	0	0	0	0	0	0	915
0	0	0	0	0	0	0	916
0	0	0	0	0	0	0	917
0	0	0	0	0	0	0	918
0	0	0	0	0	0	0	919
0	0	0	0	0	0	0	920
0	0	0	0	0	0	0	921
0	0	0	0	0	0	0	922
0	0	0	0	0	0	0	923
0	0	0	0	0	0	0	924
0	0	0	0	0	0	0	925
0	0	0	0	0	0	0	926
0	0	0	0	0	0	0	927
0	0	0	0	0	0	0	928
0	0	0	0	0	0	0	929
0	0	0	0	0	0	0	930
0	0	0	0	0	0	0	931
0	0	0	0	0	0	0	932
0	0	0	0	0	0	0	933
0	0	0	0	0	0	0	934
0	0	0	0	0	0	0	935
0	0	0	0	0	0	0	936
0	0	0	0	0	0	0	937
0	0	0	0	0	0	0	938
0	0	0	0	0	0	0	939
0	0	0	0	0	0	0	940
0	0	0	0	0	0	0	941
0	0	0	0	0	0	0	942
0	0	0	0	0	0	0	943
0	0	0	0	0	0	0	944
0	0	0	0	0	0	0	945
0	0	0	0	0	0	0	946
0	0	0	0	0	0	0	947
0	0	0	0	0	0	0	948
0	0	0	0	0	0	0	949
0	0	0	0	0	0	0	950
0	0	0	0	0	0	0	951
0	0	0	0	0	0	0	952
0	0	0	0	0	0	0	953
0	0	0	0	0	0	0	954
0	0	0	0	0	0	0	955
0	0	0	0	0	0	0	956
0	0	0	0	0	0	0	957
1	15	106	102	143	151	1813	958
1	15	105	102	145	152	2000	959
1	15	105	102	145	152	2000	960
1	15	105	102	145	152	2000	961
1	16	105	102	149	156	2376	962
1	16	105	102	150	158	2520	963
1	16	105	102	151	160	2668	964
1	16	111	107	152	161	2214	965
1	16	105	101	154	162	2989	966
1	16	105	101	154	162	2989	967
1	16	106	102	156	163	3050	968
1	16	106	102	157	164	3162	969
1	16	106	102	158	165	3276	970
1	16	119	125	161	165	1680	971
1	16	120	120	163	166	1978	972
1	16	125	120	164	167	1833	973
1	16	126	120	166	167	1880	974
1	16	126	120	166	167	1880	975
1	16	128	121	168	170	1960	976
1	16	125	122	169	171	2156	977
1	16	126	122	171	172	2250	978
1	16	127	123	173	173	2300	979
1	16	128	123	172	174	2244	980
1	16	129	123	172	174	2193	981
1	16	130	123	176	174	2346	982
1	16	132	124	178	173	2254	983
1	16	133	124	180	175	2397	984
1	16	133	124	179	175	2346	985
1	16	133	125	178	177	2340	986
1	16	133	127	179	177	2300	987
1	16	133	130	180	179	2303	988
1	16	132	131	183	180	2499	989
1	16	131	134	183	182	2496	990
1	16	130	137	180	185	2400	991
1	16	129	140	180	187	2397	992
1	16	127	143	180	192	2597	993
1	16	126	146	176	192	2300	994
1	16	125	147	175	193	2300	995
1	16	125	151	176	195	2244	996
1	16	125	154	175	197	2150	997
1	16	126	156	177	202	2346	998
1	16	126	158	177	207	2499	999
1	16	126	160	178	210	2600	1000
1	16	126	163	179	213	2650	1001
1	16	126	165	178	212	2444	1002
1	16	126	167	180	215	2592	1003
1	16	126	169	180	218	2646	1004
1	16	126	171	184	220	2842	1005
1	16	126	172	184	223	2958	1006
1	16	126	172	183	220	2736	1007
1	16	127	173	185	221	2784	1008
1	16	128	175	189	223	2928	1009
1	16	130	175	190	225	3000	1010
1	16	132	176	192	231	3300	1011
1	16	135	176	194	225	2891	1012
1	16	139	175	196	232	3249	1013
1	16	144	174	200	230	3136	1014
1	16	150	173	207	232	3363	1015
1	16	158	171	210	230	3068	1016
1	16	166	169	217	230	3111	1017
1	16	176	167	219	232	2795	1018
1	16	177	165	219	232	2814	1019
1	16	180	164	226	233	3174	1020
1	16	184	166	227	233	2881	1021
1	16	186	162	231	233	3195	1022
1	16	189	161	235	232	3266	1023
1	16	192	160	238	232	3312	1024
1	16	196	159	242	233	3404	1025
1	16	200	159	246	233	3404	1026
1	16	205	158	251	232	3404	1027
1	16	209	159	256	231	3384	1028
1	16	213	164	260	231	3149	1029
1	16	217	163	264	231	3196	1030
1	16	222	155	267	231	3420	1031
1	16	225	154	273	231	3696	1032
1	16	230	152	275	230	3510	1033
1	16	236	153	278	228	3150	1034
1	16	240	151	286	228	3542	1035
1	16	245	150	291	228	3588	1036
1	16	248	150	296	227	3696	1037
1	16	251	150	290	227	3003	1038
1	16	253	150	296	225	3225	1039
1	16	260	151	298	225	2812	1040
1	16	261	153	302	226	2993	1041
1	16	261	154	305	226	3168	1042
1	16	264	156	308	226	3080	1043
1	16	268	156	312	227	3124	1044
1	16	271	168	311	227	2360	1045
1	16	272	158	321	227	3381	1046
1	16	272	160	322	228	3400	1047
1	16	271	162	324	229	3551	1048
1	16	273	169	325	229	3120	1049
1	16	275	165	330	229	3520	1050
1	16	276	166	333	228	3534	1051
1	16	277	167	335	228	3538	1052
1	16	278	172	331	228	2968	1053
1	16	280	169	337	228	3363	1054
1	16	280	170	338	229	3422	1055
1	16	280	171	338	229	3364	1056
1	16	280	172	338	229	3306	1057
1	16	279	172	337	228	3248	1058
1	16	280	173	337	230	3249	1059
1	16	279	173	336	230	3249	1060
1	16	279	173	336	230	3249	1061
1	16	278	173	336	230	3306	1062
1	16	279	174	336	230	3192	1063
1	16	280	174	335	229	3025	1064
1	16	280	174	335	229	3025	1065
1	16	280	175	334	229	2916	1066
1	16	280	175	334	229	2916	1067
1	16	280	176	333	228	2756	1068
1	16	280	176	333	227	2703	1069
1	16	281	176	332	226	2550	1070
1	16	281	175	332	224	2499	1071
1	16	278	173	331	211	2014	1072
1	16	283	171	329	212	1886	1073
1	16	281	168	329	211	2064	1074
1	16	281	166	330	211	2205	1075
1	16	278	167	331	211	2332	1076
1	16	280	171	327	211	1880	1077
1	16	282	168	326	210	1848	1078
1	16	278	152	329	210	2958	1079
1	16	282	151	329	210	2773	1080
1	16	280	149	328	210	2928	1081
1	16	279	148	331	210	3224	1082
1	16	279	148	330	210	3162	1083
1	16	279	149	329	210	3050	1084
1	16	284	150	328	193	1892	1085
1	16	278	150	329	210	3060	1086
1	16	278	151	330	210	3068	1087
1	16	285	154	330	215	2745	1088
1	16	279	157	329	217	3000	1089
1	16	280	162	329	220	2842	1090
1	16	281	177	322	222	1845	1091
1	16	279	167	329	224	2850	1092
1	16	278	178	322	225	2068	1093
1	16	275	178	323	225	2256	1094
1	16	274	178	321	226	2256	1095
1	16	276	178	327	226	2448	1096
1	16	276	178	326	226	2400	1097
1	16	276	179	327	226	2397	1098
1	16	276	180	329	226	2438	1099
1	16	280	179	329	225	2254	1100
1	16	276	178	328	225	2444	1101
1	16	278	175	328	225	2500	1102
1	16	280	168	328	225	2736	1103
1	16	276	166	328	225	3068	1104
1	16	278	166	328	225	2950	1105
1	16	277	165	327	225	3000	1106
1	16	276	164	327	225	3111	1107
1	16	277	171	327	225	2700	1108
1	16	278	171	327	225	2646	1109
1	16	278	171	326	224	2544	1110
1	16	277	170	326	224	2646	1111
1	16	277	170	327	224	2700	1112
1	16	276	171	327	224	2703	1113
1	16	279	171	327	225	2592	1114
1	16	276	173	327	225	2652	1115
1	16	278	174	328	225	2550	1116
1	16	276	176	327	225	2499	1117
1	16	275	177	327	226	2548	1118
1	16	275	179	326	228	2499	1119
1	16	275	180	328	230	2650	1120
1	16	275	161	327	233	3744	1121
1	16	274	161	327	236	3975	1122
1	16	275	161	327	235	3848	1123
1	16	276	161	327	233	3672	1124
1	16	275	161	327	232	3692	1125
1	16	275	161	327	238	4004	1126
1	16	275	161	327	238	4004	1127
1	16	275	161	327	237	3952	1128
1	16	275	161	328	236	3975	1129
1	16	274	161	328	236	4050	1130
1	16	275	161	328	236	3975	1131
1	16	275	161	328	236	3975	1132
1	16	276	161	328	235	3848	1133
1	16	275	161	328	235	3922	1134
1	16	275	161	328	235	3922	1135
1	16	274	161	328	232	3834	1136
1	16	275	161	328	235	3922	1137
1	16	275	161	328	235	3922	1138
1	16	275	161	328	235	3922	1139
1	16	275	161	328	235	3922	1140
1	16	275	161	328	235	3922	1141
1	16	275	161	328	235	3922	1142
1	16	275	161	328	235	3922	1143
2	16	275	161	328	235	3922	1144
2	17	95	131	138	170	1677	1144
2	16	275	161	328	235	3922	1145
2	17	96	131	142	173	1932	1145
2	16	275	161	328	234	3869	1146
2	17	97	132	139	172	1680	1146
2	16	275	161	328	235	3922	1147
2	17	97	133	139	172	1638	1147
2	16	275	161	328	235	3922	1148
2	17	98	134	140	173	1638	1148
2	16	275	161	328	235	3922	1149
2	17	98	136	141	175	1677	1149
2	16	275	161	328	235	3922	1150
2	17	99	138	143	178	1760	1150
2	16	275	161	328	235	3922	1151
2	17	98	140	144	180	1840	1151
2	16	275	161	328	235	3922	1152
2	17	98	141	145	183	1974	1152
2	16	275	161	328	235	3922	1153
2	17	99	143	148	185	2058	1153
2	16	275	161	328	235	3922	1154
2	17	98	145	144	186	1886	1154
2	16	275	161	328	235	3922	1155
2	17	98	146	144	186	1840	1155
2	16	275	161	328	235	3922	1156
2	17	99	149	148	189	1960	1156
2	16	275	161	328	235	3922	1157
2	17	101	150	149	190	1920	1157
2	16	275	161	328	235	3922	1158
2	17	102	150	150	192	2016	1158
2	16	275	161	328	235	3922	1159
2	17	103	151	152	194	2107	1159
2	16	275	161	328	235	3922	1160
2	17	104	152	156	198	2392	1160
2	16	275	161	328	235	3922	1161
2	17	105	153	161	201	2688	1161
2	16	275	161	328	235	3922	1162
2	17	106	154	155	201	2303	1162
2	16	275	161	328	235	3922	1163
2	17	107	156	159	203	2444	1163
2	16	275	161	328	235	3922	1164
2	17	107	158	160	205	2491	1164
2	16	278	161	328	235	3700	1165
2	17	106	160	162	208	2688	1165
2	16	275	161	328	235	3922	1166
2	17	106	163	164	209	2668	1166
2	16	275	161	328	235	3922	1167
2	17	107	166	168	213	2867	1167
2	16	275	161	328	235	3922	1168
2	17	109	168	170	217	2989	1168
2	16	275	161	328	232	3763	1169
2	17	109	169	175	220	3366	1169
2	16	275	161	328	235	3922	1170
2	17	110	170	172	221	3162	1170
2	16	275	161	328	235	3922	1171
2	17	111	172	173	220	2976	1171
2	16	275	161	328	235	3922	1172
2	17	112	173	167	221	2640	1172
2	16	275	161	328	235	3922	1173
2	17	115	175	172	222	2679	1173
2	16	275	161	328	235	3922	1174
2	17	117	177	173	222	2520	1174
2	16	275	161	328	234	3869	1175
2	17	117	177	173	222	2520	1175
2	16	275	161	328	235	3922	1176
2	17	117	177	173	222	2520	1176
2	16	275	161	328	235	3922	1177
2	17	117	177	173	222	2520	1177
2	16	275	161	328	235	3922	1178
2	17	136	196	190	231	1890	1178
2	16	275	161	328	235	3922	1179
2	17	143	199	195	235	1872	1179
2	16	275	161	328	235	3922	1180
2	17	149	196	198	237	2009	1180
2	16	275	161	328	235	3922	1181
2	17	153	191	201	240	2352	1181
2	16	275	161	328	235	3922	1182
2	17	154	189	203	244	2695	1182
2	16	276	161	328	234	3796	1183
2	17	155	186	205	245	2950	1183
2	16	275	161	328	234	3869	1184
2	17	155	182	206	247	3315	1184
2	16	275	161	328	235	3922	1185
2	17	156	182	207	248	3366	1185
2	16	278	161	328	235	3700	1186
2	17	156	183	207	249	3366	1186
2	16	275	161	328	235	3922	1187
2	17	156	180	207	249	3519	1187
2	16	278	161	328	232	3550	1188
2	17	157	190	207	249	2950	1188
2	16	278	161	328	235	3700	1189
2	17	157	190	207	249	2950	1189
2	16	275	161	328	234	3869	1190
2	17	157	190	207	249	2950	1190
2	16	275	161	328	235	3922	1191
2	17	156	190	207	247	2907	1191
2	16	278	161	328	234	3650	1192
2	17	157	179	207	245	3300	1192
2	16	276	161	328	235	3848	1193
2	17	157	183	207	244	3050	1193
2	16	275	161	328	235	3922	1194
2	17	157	184	206	240	2744	1194
2	16	275	161	328	235	3922	1195
2	17	157	160	206	238	3822	1195
2	16	278	161	328	235	3700	1196
2	17	158	172	209	235	3213	1196
2	16	278	161	328	235	3700	1197
2	17	159	160	209	232	3600	1197
2	16	275	161	328	234	3869	1198
2	17	160	160	204	228	2992	1198
2	16	275	161	328	235	3922	1199
2	17	161	160	209	225	3120	1199
2	16	275	161	328	235	3922	1200
2	17	162	170	206	222	2288	1200
2	16	278	161	328	234	3650	1201
2	17	172	159	206	207	1632	1201
2	16	278	161	328	235	3700	1202
2	17	172	159	206	207	1632	1202
2	16	278	161	328	232	3550	1203
2	17	172	159	206	207	1632	1203
2	16	275	160	328	235	3975	1204
2	17	172	159	206	207	1632	1204
2	16	273	161	328	232	3905	1205
2	17	172	159	206	207	1632	1205
2	16	275	161	328	232	3763	1206
2	17	172	159	206	207	1632	1206
2	16	278	161	328	235	3700	1207
2	17	172	159	206	207	1632	1207
1	16	278	161	328	235	3700	1208
1	16	278	161	328	232	3550	1209
1	16	278	161	328	235	3700	1210
1	16	278	161	328	235	3700	1211
1	16	276	161	328	232	3692	1212
1	16	275	161	328	235	3922	1213
2	16	275	161	328	232	3763	1214
2	18	160	159	210	202	2150	1214
2	16	275	161	328	235	3922	1215
2	18	160	160	210	207	2350	1215
2	16	275	161	328	235	3922	1216
2	18	161	159	209	206	2256	1216
2	16	275	161	328	235	3922	1217
2	18	161	159	209	206	2256	1217
2	16	275	161	328	235	3922	1218
2	18	161	172	208	210	1786	1218
2	16	278	161	328	235	3700	1219
2	18	166	172	208	228	2352	1219
2	16	278	161	328	235	3700	1220
2	18	165	173	208	229	2408	1220
2	16	275	161	328	235	3922	1221
2	18	167	173	208	229	2296	1221
2	16	278	161	328	235	3700	1222
2	18	169	173	208	230	2223	1222
2	16	275	161	328	235	3922	1223
2	18	169	173	208	231	2262	1223
2	16	278	161	328	232	3550	1224
2	18	164	173	208	231	2552	1224
2	16	278	161	328	235	3700	1225
2	18	169	173	208	231	2262	1225
2	16	275	161	328	235	3922	1226
2	18	164	173	208	231	2552	1226
2	16	275	161	328	235	3922	1227
2	18	169	173	208	231	2262	1227
2	16	278	161	328	235	3700	1228
2	18	163	173	208	231	2610	1228
2	16	276	161	328	235	3848	1229
2	18	163	173	208	231	2610	1229
2	16	278	161	328	234	3650	1230
2	18	163	173	208	231	2610	1230
2	16	278	161	328	235	3700	1231
2	18	169	173	209	231	2320	1231
2	16	275	161	328	235	3922	1232
2	18	163	173	208	231	2610	1232
2	16	275	161	328	235	3922	1233
2	18	170	173	208	231	2204	1233
2	16	275	161	328	235	3922	1234
2	18	169	173	208	231	2262	1234
2	16	278	161	328	235	3700	1235
2	18	163	173	208	231	2610	1235
2	16	278	161	328	234	3650	1236
2	18	163	173	208	231	2610	1236
2	16	275	161	328	235	3922	1237
2	18	164	173	208	231	2552	1237
2	16	275	161	328	235	3922	1238
2	18	170	173	208	231	2204	1238
2	16	278	161	328	235	3700	1239
2	18	167	173	208	232	2419	1239
2	16	275	161	328	235	3922	1240
2	18	163	173	208	232	2655	1240
2	16	278	161	328	235	3700	1241
2	18	170	173	208	231	2204	1241
2	16	275	161	328	232	3763	1242
2	18	163	184	201	231	1786	1242
2	16	278	161	328	235	3700	1243
2	18	163	173	208	232	2655	1243
2	16	275	161	328	232	3763	1244
2	18	163	173	209	231	2668	1244
2	16	278	161	328	235	3700	1245
2	18	164	173	209	231	2610	1245
2	16	275	161	328	235	3922	1246
2	18	162	173	208	231	2668	1246
2	16	276	161	328	235	3848	1247
2	18	169	173	209	231	2320	1247
2	16	275	161	328	235	3922	1248
2	18	162	173	208	212	1794	1248
2	16	275	161	328	235	3922	1249
2	18	162	173	208	230	2622	1249
2	16	278	161	328	235	3700	1250
2	18	163	173	208	230	2565	1250
2	16	276	161	328	232	3692	1251
2	18	162	173	208	230	2622	1251
2	16	275	161	328	234	3869	1252
2	18	162	173	208	230	2622	1252
2	16	276	161	328	235	3848	1253
2	18	162	173	208	231	2668	1253
2	16	275	161	328	235	3922	1254
2	18	163	173	208	230	2565	1254
2	16	275	161	328	235	3922	1255
2	18	170	173	206	231	2088	1255
2	16	278	161	328	235	3700	1256
2	18	170	173	208	231	2204	1256
2	16	278	161	328	235	3700	1257
2	18	170	173	208	231	2204	1257
2	16	276	161	328	235	3848	1258
2	18	170	173	208	230	2166	1258
2	16	275	161	328	232	3763	1259
2	18	170	173	208	230	2166	1259
2	16	278	161	328	235	3700	1260
2	18	170	173	208	231	2204	1260
2	16	278	161	328	235	3700	1261
2	18	170	173	208	231	2204	1261
2	16	275	161	328	235	3922	1262
2	18	170	173	208	231	2204	1262
2	16	275	161	328	235	3922	1263
2	18	170	173	208	231	2204	1263
2	16	278	161	328	234	3650	1264
2	18	170	173	208	231	2204	1264
2	16	275	161	328	234	3869	1265
2	18	170	173	208	230	2166	1265
2	16	278	161	328	235	3700	1266
2	18	170	173	208	231	2204	1266
2	16	275	161	328	232	3763	1267
2	18	171	173	208	230	2109	1267
2	16	278	161	328	235	3700	1268
2	18	169	173	208	231	2262	1268
2	16	275	161	328	235	3922	1269
2	18	169	173	208	231	2262	1269
2	16	278	161	328	235	3700	1270
2	18	169	173	208	231	2262	1270
2	16	278	161	328	235	3700	1271
2	18	169	173	208	231	2262	1271
2	16	275	161	328	235	3922	1272
2	18	169	173	208	231	2262	1272
2	16	278	161	328	235	3700	1273
2	18	169	173	208	231	2262	1273
2	16	276	161	328	235	3848	1274
2	18	169	173	208	231	2262	1274
1	16	278	161	328	235	3700	1275
2	16	278	161	328	234	3650	1276
2	19	168	173	208	230	2280	1276
2	16	276	161	328	235	3848	1277
2	19	168	173	208	230	2280	1277
1	16	278	161	328	235	3700	1278
1	16	275	161	328	234	3869	1279
1	16	278	161	328	235	3700	1280
1	16	278	161	328	235	3700	1281
1	16	275	161	328	234	3869	1282
1	16	278	161	328	235	3700	1283
1	16	278	161	328	235	3700	1284
2	16	276	161	328	235	3848	1285
2	20	163	173	208	210	1665	1285
2	16	275	161	328	236	3975	1286
2	20	163	173	208	210	1665	1286
1	16	275	161	328	238	4081	1287
1	16	275	161	328	236	3975	1288
2	16	275	161	328	235	3922	1289
2	21	167	173	208	231	2378	1289
2	16	274	161	328	232	3834	1290
2	21	167	173	208	231	2378	1290
2	16	274	161	328	230	3726	1291
2	21	167	173	208	232	2419	1291
2	16	273	161	328	229	3740	1292
2	21	167	173	208	232	2419	1292
2	16	273	161	328	228	3685	1293
2	21	167	173	208	232	2419	1293
2	16	273	161	328	228	3685	1294
2	21	167	173	208	232	2419	1294
2	16	273	161	328	229	3740	1295
2	21	168	173	208	232	2360	1295
2	16	273	161	328	229	3740	1296
2	21	168	173	208	232	2360	1296
2	16	273	161	328	229	3740	1297
2	21	168	173	208	232	2360	1297
2	16	274	161	328	230	3726	1298
2	21	168	173	208	232	2360	1298
2	16	275	161	328	233	3816	1299
2	21	169	173	208	230	2223	1299
2	16	275	161	328	232	3763	1300
2	21	169	173	208	230	2223	1300
2	16	275	161	328	232	3763	1301
2	21	169	173	208	231	2262	1301
2	16	275	161	328	232	3763	1302
2	21	169	173	208	231	2262	1302
2	16	275	161	328	231	3710	1303
2	21	169	173	208	231	2262	1303
2	16	275	161	328	235	3922	1304
2	21	169	173	208	231	2262	1304
1	16	276	161	328	234	3796	1305
1	16	275	161	328	234	3869	1306
1	16	275	161	328	234	3869	1307
1	16	276	161	328	235	3848	1308
1	16	275	161	328	235	3922	1309
2	16	276	161	328	234	3796	1310
2	22	161	173	208	213	1880	1310
2	16	276	161	328	235	3848	1311
2	22	161	173	208	213	1880	1311
1	16	275	161	328	235	3922	1312
1	16	276	161	328	235	3848	1313
1	16	278	161	328	235	3700	1314
1	16	275	161	328	234	3869	1315
2	16	275	161	328	236	3975	1316
2	23	160	172	208	212	1920	1316
2	16	275	161	328	236	3975	1317
2	23	160	172	208	211	1872	1317
2	16	275	161	328	229	3604	1318
2	23	160	172	208	211	1872	1318
2	16	275	161	328	228	3551	1319
2	23	159	172	209	210	1900	1319
2	16	275	161	328	228	3551	1320
2	23	159	172	209	210	1900	1320
2	16	276	161	328	227	3432	1321
2	23	159	172	209	231	2950	1321
2	16	276	161	328	226	3380	1322
2	23	159	172	208	210	1862	1322
2	16	276	161	328	227	3432	1323
2	23	159	172	208	210	1862	1323
2	16	276	161	329	228	3551	1324
2	23	160	172	209	210	1862	1324
2	16	276	161	329	228	3551	1325
2	23	165	172	209	227	2420	1325
2	16	276	161	329	228	3551	1326
2	23	165	172	209	227	2420	1326
2	16	276	161	329	229	3604	1327
2	23	165	172	209	227	2420	1327
2	16	276	161	328	228	3484	1328
2	23	165	172	209	227	2420	1328
2	16	276	161	328	229	3536	1329
2	23	165	172	209	227	2420	1329
2	16	276	161	328	232	3692	1330
2	23	165	172	209	227	2420	1330
2	16	275	161	328	240	4187	1331
2	23	165	172	209	227	2420	1331
1	16	276	161	328	237	3952	1332
2	16	275	161	328	229	3604	1333
2	24	165	172	209	231	2596	1333
2	16	275	161	328	235	3922	1334
2	24	165	172	209	231	2596	1334
1	16	278	161	328	236	3750	1335
1	16	278	161	328	236	3750	1336
1	16	278	161	328	229	3400	1337
1	16	278	161	328	229	3400	1338
1	16	279	161	328	236	3675	1339
2	16	279	161	328	236	3675	1340
2	25	164	160	208	212	2288	1340
2	16	278	161	328	236	3750	1341
2	25	164	160	208	212	2288	1341
1	16	278	161	328	236	3750	1342
1	16	279	161	328	236	3675	1343
1	16	278	161	328	229	3400	1344
1	16	278	161	328	236	3750	1345
1	16	278	161	328	236	3750	1346
1	16	276	161	328	230	3588	1347
1	16	279	161	328	229	3332	1348
1	16	276	161	328	230	3588	1349
1	16	279	161	328	236	3675	1350
1	16	279	161	328	229	3332	1351
1	16	279	161	328	229	3332	1352
1	16	279	161	328	236	3675	1353
1	16	279	161	328	229	3332	1354
1	16	284	182	328	236	2376	1355
1	16	279	161	328	236	3675	1356
1	16	279	161	328	229	3332	1357
1	16	284	182	328	229	2068	1358
1	16	276	161	328	229	3536	1359
1	16	279	161	328	236	3675	1360
1	16	276	161	328	229	3536	1361
1	16	276	182	328	230	2496	1362
2	16	276	161	328	236	3900	1363
2	26	169	159	208	231	2808	1363
2	16	283	182	328	236	2430	1364
2	26	169	172	208	231	2301	1364
2	16	279	161	328	236	3675	1365
2	26	170	172	209	231	2301	1365
2	16	283	182	328	236	2430	1366
2	26	170	172	209	231	2301	1366
2	16	283	182	328	236	2430	1367
2	26	170	172	209	231	2301	1367
2	16	283	182	328	236	2430	1368
2	26	170	172	209	231	2301	1368
1	16	279	161	328	229	3332	1369
1	16	279	161	328	230	3381	1370
1	16	279	161	328	229	3332	1371
1	16	279	161	328	229	3332	1372
1	16	279	161	328	230	3381	1373
1	16	279	161	328	230	3381	1374
2	16	279	161	328	230	3381	1375
2	27	160	172	207	212	1880	1375
2	16	288	185	328	229	1760	1376
2	27	159	172	208	213	2009	1376
2	16	286	186	328	230	1848	1377
2	27	159	172	209	213	2050	1377
2	16	286	186	328	230	1848	1378
2	27	159	172	209	213	2050	1378
2	16	287	186	328	229	1763	1379
2	27	159	172	208	213	2009	1379
2	16	286	185	328	229	1848	1380
2	27	160	172	208	212	1920	1380
2	16	286	185	328	229	1848	1381
2	27	160	172	208	212	1920	1381
2	16	279	161	328	230	3381	1382
2	27	160	172	208	211	1872	1382
2	16	279	161	328	230	3381	1383
2	27	160	172	208	211	1872	1383
2	16	286	186	328	229	1806	1384
2	27	160	173	209	210	1813	1384
2	16	279	161	328	230	3381	1385
2	27	161	172	208	210	1786	1385
2	16	287	183	328	229	1886	1386
2	27	161	172	209	210	1824	1386
2	16	287	183	328	229	1886	1387
2	27	161	172	209	210	1824	1387
2	16	280	161	328	230	3312	1388
2	27	161	172	209	210	1824	1388
2	16	280	161	328	230	3312	1389
2	27	161	172	209	210	1824	1389
2	16	280	161	328	229	3264	1390
2	27	161	172	209	210	1824	1390
2	16	280	161	328	229	3264	1391
2	27	160	172	209	210	1862	1391
2	16	280	161	328	229	3264	1392
2	27	160	172	209	210	1862	1392
2	16	280	161	328	229	3264	1393
2	27	159	172	209	211	1950	1393
2	16	280	161	328	229	3264	1394
2	27	159	172	208	211	1911	1394
2	16	280	161	328	229	3264	1395
2	27	159	172	208	210	1862	1395
2	16	280	161	328	229	3264	1396
2	27	160	172	209	211	1911	1396
2	16	280	161	328	229	3264	1397
2	27	160	172	209	211	1911	1397
2	16	280	161	328	229	3264	1398
2	27	160	172	209	211	1911	1398
2	16	280	161	328	229	3264	1399
2	27	160	172	209	211	1911	1399
2	16	280	161	328	229	3264	1400
2	27	160	172	209	211	1911	1400
2	16	287	186	328	229	1763	1401
2	27	160	172	209	211	1911	1401
2	16	280	161	328	229	3264	1402
2	27	160	172	209	211	1911	1402
1	16	280	161	328	229	3264	1403
1	16	280	161	328	229	3264	1404
2	16	280	162	328	229	3216	1405
2	28	165	172	209	231	2596	1405
2	16	280	161	328	229	3264	1406
2	28	165	172	209	231	2596	1406
1	16	287	186	327	225	1560	1407
1	16	287	185	328	229	1804	1408
1	16	280	161	328	229	3264	1409
1	16	287	186	328	228	1722	1410
1	16	287	185	328	229	1804	1411
1	16	287	186	328	229	1763	1412
1	16	287	185	328	229	1804	1413
1	16	287	185	327	224	1560	1414
1	16	287	185	328	229	1804	1415
1	16	287	185	328	229	1804	1416
1	16	287	185	328	229	1804	1417
1	16	287	185	327	224	1560	1418
1	16	287	184	327	224	1600	1419
2	16	288	185	328	229	1760	1420
2	29	170	173	208	231	2204	1420
2	16	287	186	328	229	1763	1421
2	29	170	173	208	231	2204	1421
1	16	287	186	328	229	1763	1422
1	16	287	185	328	229	1804	1423
1	16	288	185	328	229	1760	1424
1	16	288	186	328	228	1680	1425
1	16	288	186	328	228	1680	1426
1	16	288	186	328	228	1680	1427
1	16	288	186	328	228	1680	1428
1	16	288	186	328	228	1680	1429
1	16	288	186	328	228	1680	1430
1	16	288	186	328	228	1680	1431
0	0	0	0	0	0	0	1432
0	0	0	0	0	0	0	1433
0	0	0	0	0	0	0	1434
0	0	0	0	0	0	0	1435
0	0	0	0	0	0	0	1436
1	30	159	173	209	213	2000	1437
1	30	159	172	207	213	1968	1438
1	30	159	172	207	213	1968	1439
1	30	159	172	207	213	1968	1440
0	0	0	0	0	0	0	1441
0	0	0	0	0	0	0	1442
0	0	0	0	0	0	0	1443
0	0	0	0	0	0	0	1444
0	0	0	0	0	0	0	1445
0	0	0	0	0	0	0	1446
0	0	0	0	0	0	0	1447
0	0	0	0	0	0	0	1448
1	31	160	172	209	209	1813	1449
1	31	160	172	209	209	1813	1450
1	32	161	172	209	207	1680	1451
1	32	161	172	209	207	1680	1452
0	0	0	0	0	0	0	1453
0	0	0	0	0	0	0	1454
0	0	0	0	0	0	0	1455
0	0	0	0	0	0	0	1456
0	0	0	0	0	0	0	1457
0	0	0	0	0	0	0	1458
0	0	0	0	0	0	0	1459
0	0	0	0	0	0	0	1460
0	0	0	0	0	0	0	1461
0	0	0	0	0	0	0	1462
0	0	0	0	0	0	0	1463
0	0	0	0	0	0	0	1464
0	0	0	0	0	0	0	1465
0	0	0	0	0	0	0	1466
0	0	0	0	0	0	0	1467
0	0	0	0	0	0	0	1468
1	33	169	174	208	231	2223	1469
1	33	169	175	208	230	2145	1470
1	33	170	174	208	230	2128	1471
1	33	170	175	208	230	2090	1472
1	33	169	175	208	231	2184	1473
1	33	169	175	208	231	2184	1474
1	33	169	175	208	231	2184	1475
1	33	170	174	208	230	2128	1476
1	33	170	174	208	230	2128	1477
1	33	170	175	208	230	2090	1478
1	33	170	175	208	230	2090	1479
1	33	170	175	208	231	2128	1480
1	33	170	175	208	231	2128	1481
1	33	170	175	207	231	2072	1482
1	33	170	175	207	231	2072	1483
1	33	170	175	207	231	2072	1484
1	33	170	175	207	231	2072	1485
1	33	170	175	207	231	2072	1486
1	33	170	175	207	231	2072	1487
0	0	0	0	0	0	0	1488
0	0	0	0	0	0	0	1489
0	0	0	0	0	0	0	1490
0	0	0	0	0	0	0	1491
0	0	0	0	0	0	0	1492
0	0	0	0	0	0	0	1493
0	0	0	0	0	0	0	1494
0	0	0	0	0	0	0	1495
0	0	0	0	0	0	0	1496
0	0	0	0	0	0	0	1497
0	0	0	0	0	0	0	1498
0	0	0	0	0	0	0	1499
0	0	0	0	0	0	0	1500
0	0	0	0	0	0	0	1501
0	0	0	0	0	0	0	1502
0	0	0	0	0	0	0	1503
0	0	0	0	0	0	0	1504
0	0	0	0	0	0	0	1505
0	0	0	0	0	0	0	1506
0	0	0	0	0	0	0	1507
0	0	0	0	0	0	0	1508
0	0	0	0	0	0	0	1509
0	0	0	0	0	0	0	1510
0	0	0	0	0	0	0	1511
0	0	0	0	0	0	0	1512
0	0	0	0	0	0	0	1513
0	0	0	0	0	0	0	1514
0	0	0	0	0	0	0	1515
0	0	0	0	0	0	0	1516
0	0	0	0	0	0	0	1517
0	0	0	0	0	0	0	1518
0	0	0	0	0	0	0	1519
0	0	0	0	0	0	0	1520
0	0	0	0	0	0	0	1521
0	0	0	0	0	0	0	1522
0	0	0	0	0	0	0	1523
0	0	0	0	0	0	0	1524
0	0	0	0	0	0	0	1525
0	0	0	0	0	0	0	1526
0	0	0	0	0	0	0	1527
0	0	0	0	0	0	0	1528
0	0	0	0	0	0	0	1529
0	0	0	0	0	0	0	1530
0	0	0	0	0	0	0	1531
0	0	0	0	0	0	0	1532
0	0	0	0	0	0	0	1533
0	0	0	0	0	0	0	1534
0	0	0	0	0	0	0	1535
0	0	0	0	0	0	0	1536
0	0	0	0	0	0	0	1537
0	0	0	0	0	0	0	1538
0	0	0	0	0	0	0	1539
0	0	0	0	0	0	0	1540
0	0	0	0	0	0	0	1541
0	0	0	0	0	0	0	1542
0	0	0	0	0	0	0	1543
0	0	0	0	0	0	0	1544
0	0	0	0	0	0	0	1545
0	0	0	0	0	0	0	1546
0	0	0	0	0	0	0	1547
0	0	0	0	0	0	0	1548
0	0	0	0	0	0	0	1549
0	0	0	0	0	0	0	1550
0	0	0	0	0	0	0	1551
0	0	0	0	0	0	0	1552
0	0	0	0	0	0	0	1553
0	0	0	0	0	0	0	1554
0	0	0	0	0	0	0	1555
0	0	0	0	0	0	0	1556
0	0	0	0	0	0	0	1557
0	0	0	0	0	0	0	1558
0	0	0	0	0	0	0	1559
0	0	0	0	0	0	0	1560
0	0	0	0	0	0	0	1561
0	0	0	0	0	0	0	1562
0	0	0	0	0	0	0	1563
0	0	0	0	0	0	0	1564
0	0	0	0	0	0	0	1565
0	0	0	0	0	0	0	1566
0	0	0	0	0	0	0	1567
0	0	0	0	0	0	0	1568
0	0	0	0	0	0	0	1569
0	0	0	0	0	0	0	1570
0	0	0	0	0	0	0	1571
0	0	0	0	0	0	0	1572
0	0	0	0	0	0	0	1573
0	0	0	0	0	0	0	1574
0	0	0	0	0	0	0	1575
0	0	0	0	0	0	0	1576
0	0	0	0	0	0	0	1577
0	0	0	0	0	0	0	1578
0	0	0	0	0	0	0	1579
0	0	0	0	0	0	0	1580
0	0	0	0	0	0	0	1581
0	0	0	0	0	0	0	1582
0	0	0	0	0	0	0	1583
0	0	0	0	0	0	0	1584
0	0	0	0	0	0	0	1585
0	0	0	0	0	0	0	1586
0	0	0	0	0	0	0	1587
0	0	0	0	0	0	0	1588
0	0	0	0	0	0	0	1589
0	0	0	0	0	0	0	1590
0	0	0	0	0	0	0	1591
0	0	0	0	0	0	0	1592
0	0	0	0	0	0	0	1593
0	0	0	0	0	0	0	1594
0	0	0	0	0	0	0	1595
0	0	0	0	0	0	0	1596
0	0	0	0	0	0	0	1597
0	0	0	0	0	0	0	1598
0	0	0	0	0	0	0	1599
0	0	0	0	0	0	0	1600
0	0	0	0	0	0	0	1601
0	0	0	0	0	0	0	1602
0	0	0	0	0	0	0	1603
0	0	0	0	0	0	0	1604
0	0	0	0	0	0	0	1605
0	0	0	0	0	0	0	1606
0	0	0	0	0	0	0	1607
0	0	0	0	0	0	0	1608
0	0	0	0	0	0	0	1609
0	0	0	0	0	0	0	1610
0	0	0	0	0	0	0	1611
0	0	0	0	0	0	0	1612
0	0	0	0	0	0	0	1613
0	0	0	0	0	0	0	1614
0	0	0	0	0	0	0	1615
0	0	0	0	0	0	0	1616
0	0	0	0	0	0	0	1617
0	0	0	0	0	0	0	1618
0	0	0	0	0	0	0	1619
0	0	0	0	0	0	0	1620
0	0	0	0	0	0	0	1621
0	0	0	0	0	0	0	1622
0	0	0	0	0	0	0	1623
0	0	0	0	0	0	0	1624
0	0	0	0	0	0	0	1625
0	0	0	0	0	0	0	1626
0	0	0	0	0	0	0	1627
0	0	0	0	0	0	0	1628
0	0	0	0	0	0	0	1629
0	0	0	0	0	0	0	1630
0	0	0	0	0	0	0	1631
0	0	0	0	0	0	0	1632
0	0	0	0	0	0	0	1633
0	0	0	0	0	0	0	1634
0	0	0	0	0	0	0	1635
0	0	0	0	0	0	0	1636
0	0	0	0	0	0	0	1637
0	0	0	0	0	0	0	1638
0	0	0	0	0	0	0	1639
0	0	0	0	0	0	0	1640
0	0	0	0	0	0	0	1641
0	0	0	0	0	0	0	1642
0	0	0	0	0	0	0	1643
0	0	0	0	0	0	0	1644
0	0	0	0	0	0	0	1645
0	0	0	0	0	0	0	1646
0	0	0	0	0	0	0	1647
0	0	0	0	0	0	0	1648
0	0	0	0	0	0	0	1649
0	0	0	0	0	0	0	1650
0	0	0	0	0	0	0	1651
0	0	0	0	0	0	0	1652
0	0	0	0	0	0	0	1653
0	0	0	0	0	0	0	1654
0	0	0	0	0	0	0	1655
0	0	0	0	0	0	0	1656
0	0	0	0	0	0	0	1657
0	0	0	0	0	0	0	1658
0	0	0	0	0	0	0	1659
0	0	0	0	0	0	0	1660
0	0	0	0	0	0	0	1661
0	0	0	0	0	0	0	1662
0	0	0	0	0	0	0	1663
0	0	0	0	0	0	0	1664
0	0	0	0	0	0	0	1665
0	0	0	0	0	0	0	1666
0	0	0	0	0	0	0	1667
0	0	0	0	0	0	0	1668
0	0	0	0	0	0	0	1669
0	0	0	0	0	0	0	1670
0	0	0	0	0	0	0	1671
0	0	0	0	0	0	0	1672
0	0	0	0	0	0	0	1673
0	0	0	0	0	0	0	1674
0	0	0	0	0	0	0	1675
0	0	0	0	0	0	0	1676
0	0	0	0	0	0	0	1677
0	0	0	0	0	0	0	1678
0	0	0	0	0	0	0	1679
0	0	0	0	0	0	0	1680
0	0	0	0	0	0	0	1681
0	0	0	0	0	0	0	1682
0	0	0	0	0	0	0	1683
0	0	0	0	0	0	0	1684
0	0	0	0	0	0	0	1685
0	0	0	0	0	0	0	1686
0	0	0	0	0	0	0	1687
0	0	0	0	0	0	0	1688
0	0	0	0	0	0	0	1689
0	0	0	0	0	0	0	1690
0	0	0	0	0	0	0	1691
0	0	0	0	0	0	0	1692
0	0	0	0	0	0	0	1693
0	0	0	0	0	0	0	1694
0	0	0	0	0	0	0	1695
0	0	0	0	0	0	0	1696
0	0	0	0	0	0	0	1697
0	0	0	0	0	0	0	1698
0	0	0	0	0	0	0	1699
0	0	0	0	0	0	0	1700
0	0	0	0	0	0	0	1701
0	0	0	0	0	0	0	1702
0	0	0	0	0	0	0	1703
0	0	0	0	0	0	0	1704
0	0	0	0	0	0	0	1705
0	0	0	0	0	0	0	1706
0	0	0	0	0	0	0	1707
0	0	0	0	0	0	0	1708
0	0	0	0	0	0	0	1709
0	0	0	0	0	0	0	1710
0	0	0	0	0	0	0	1711
0	0	0	0	0	0	0	1712
0	0	0	0	0	0	0	1713
0	0	0	0	0	0	0	1714
0	0	0	0	0	0	0	1715
0	0	0	0	0	0	0	1716
0	0	0	0	0	0	0	1717
0	0	0	0	0	0	0	1718
0	0	0	0	0	0	0	1719
0	0	0	0	0	0	0	1720
0	0	0	0	0	0	0	1721
0	0	0	0	0	0	0	1722
0	0	0	0	0	0	0	1723
0	0	0	0	0	0	0	1724
0	0	0	0	0	0	0	1725
0	0	0	0	0	0	0	1726
0	0	0	0	0	0	0	1727
0	0	0	0	0	0	0	1728
0	0	0	0	0	0	0	1729
0	0	0	0	0	0	0	1730
0	0	0	0	0	0	0	1731
0	0	0	0	0	0	0	1732
0	0	0	0	0	0	0	1733
0	0	0	0	0	0	0	1734
0	0	0	0	0	0	0	1735
0	0	0	0	0	0	0	1736
0	0	0	0	0	0	0	1737
0	0	0	0	0	0	0	1738
0	0	0	0	0	0	0	1739
0	0	0	0	0	0	0	1740
0	0	0	0	0	0	0	1741
0	0	0	0	0	0	0	1742
0	0	0	0	0	0	0	1743
0	0	0	0	0	0	0	1744
0	0	0	0	0	0	0	1745
0	0	0	0	0	0	0	1746
0	0	0	0	0	0	0	1747
0	0	0	0	0	0	0	1748
0	0	0	0	0	0	0	1749
0	0	0	0	0	0	0	1750
0	0	0	0	0	0	0	1751
0	0	0	0	0	0	0	1752
0	0	0	0	0	0	0	1753
0	0	0	0	0	0	0	1754
0	0	0	0	0	0	0	1755
0	0	0	0	0	0	0	1756
0	0	0	0	0	0	0	1757
0	0	0	0	0	0	0	1758
0	0	0	0	0	0	0	1759
0	0	0	0	0	0	0	1760
0	0	0	0	0	0	0	1761
0	0	0	0	0	0	0	1762
0	0	0	0	0	0	0	1763
0	0	0	0	0	0	0	1764
0	0	0	0	0	0	0	1765
0	0	0	0	0	0	0	1766
0	0	0	0	0	0	0	1767
0	0	0	0	0	0	0	1768
0	0	0	0	0	0	0	1769
0	0	0	0	0	0	0	1770
0	0	0	0	0	0	0	1771
0	0	0	0	0	0	0	1772
0	0	0	0	0	0	0	1773
0	0	0	0	0	0	0	1774
0	0	0	0	0	0	0	1775
0	0	0	0	0	0	0	1776
0	0	0	0	0	0	0	1777
0	0	0	0	0	0	0	1778
0	0	0	0	0	0	0	1779
0	0	0	0	0	0	0	1780
0	0	0	0	0	0	0	1781
0	0	0	0	0	0	0	1782
0	0	0	0	0	0	0	1783
0	0	0	0	0	0	0	1784
0	0	0	0	0	0	0	1785
0	0	0	0	0	0	0	1786
0	0	0	0	0	0	0	1787
0	0	0	0	0	0	0	1788
0	0	0	0	0	0	0	1789
0	0	0	0	0	0	0	1790
0	0	0	0	0	0	0	1791
0	0	0	0	0	0	0	1792
0	0	0	0	0	0	0	1793
0	0	0	0	0	0	0	1794
0	0	0	0	0	0	0	1795
0	0	0	0	0	0	0	1796
0	0	0	0	0	0	0	1797
0	0	0	0	0	0	0	1798
0	0	0	0	0	0	0	1799
0	0	0	0	0	0	0	1800
0	0	0	0	0	0	0	1801
0	0	0	0	0	0	0	1802
0	0	0	0	0	0	0	1803
0	0	0	0	0	0	0	1804
0	0	0	0	0	0	0	1805
0	0	0	0	0	0	0	1806
0	0	0	0	0	0	0	1807
0	0	0	0	0	0	0	1808
0	0	0	0	0	0	0	1809
0	0	0	0	0	0	0	1810
0	0	0	0	0	0	0	1811
0	0	0	0	0	0	0	1812
0	0	0	0	0	0	0	1813
0	0	0	0	0	0	0	1814
0	0	0	0	0	0	0	1815
0	0	0	0	0	0	0	1816
0	0	0	0	0	0	0	1817
0	0	0	0	0	0	0	1818
0	0	0	0	0	0	0	1819
0	0	0	0	0	0	0	1820
0	0	0	0	0	0	0	1821
0	0	0	0	0	0	0	1822
0	0	0	0	0	0	0	1823
0	0	0	0	0	0	0	1824
0	0	0	0	0	0	0	1825
0	0	0	0	0	0	0	1826
0	0	0	0	0	0	0	1827
0	0	0	0	0	0	0	1828
0	0	0	0	0	0	0	1829
0	0	0	0	0	0	0	1830
0	0	0	0	0	0	0	1831
0	0	0	0	0	0	0	1832
0	0	0	0	0	0	0	1833
0	0	0	0	0	0	0	1834
0	0	0	0	0	0	0	1835
0	0	0	0	0	0	0	1836
0	0	0	0	0	0	0	1837
0	0	0	0	0	0	0	1838
0	0	0	0	0	0	0	1839
0	0	0	0	0	0	0	1840
0	0	0	0	0	0	0	1841
0	0	0	0	0	0	0	1842
0	0	0	0	0	0	0	1843
0	0	0	0	0	0	0	1844
0	0	0	0	0	0	0	1845
0	0	0	0	0	0	0	1846
0	0	0	0	0	0	0	1847
0	0	0	0	0	0	0	1848
0	0	0	0	0	0	0	1849
0	0	0	0	0	0	0	1850
0	0	0	0	0	0	0	1851
0	0	0	0	0	0	0	1852
0	0	0	0	0	0	0	1853
0	0	0	0	0	0	0	1854
0	0	0	0	0	0	0	1855
0	0	0	0	0	0	0	1856
0	0	0	0	0	0	0	1857
0	0	0	0	0	0	0	1858
0	0	0	0	0	0	0	1859
0	0	0	0	0	0	0	1860
0	0	0	0	0	0	0	1861
0	0	0	0	0	0	0	1862
0	0	0	0	0	0	0	1863
0	0	0	0	0	0	0	1864
0	0	0	0	0	0	0	1865
0	0	0	0	0	0	0	1866
0	0	0	0	0	0	0	1867
0	0	0	0	0	0	0	1868
0	0	0	0	0	0	0	1869
0	0	0	0	0	0	0	1870
0	0	0	0	0	0	0	1871
0	0	0	0	0	0	0	1872
0	0	0	0	0	0	0	1873
0	0	0	0	0	0	0	1874
0	0	0	0	0	0	0	1875
0	0	0	0	0	0	0	1876
0	0	0	0	0	0	0	1877
0	0	0	0	0	0	0	1878
0	0	0	0	0	0	0	1879
0	0	0	0	0	0	0	1880
0	0	0	0	0	0	0	1881
0	0	0	0	0	0	0	1882
0	0	0	0	0	0	0	1883
0	0	0	0	0	0	0	1884
0	0	0	0	0	0	0	1885
0	0	0	0	0	0	0	1886
0	0	0	0	0	0	0	1887
0	0	0	0	0	0	0	1888
0	0	0	0	0	0	0	1889
0	0	0	0	0	0	0	1890
0	0	0	0	0	0	0	1891
0	0	0	0	0	0	0	1892
0	0	0	0	0	0	0	1893
0	0	0	0	0	0	0	1894
0	0	0	0	0	0	0	1895
0	0	0	0	0	0	0	1896
0	0	0	0	0	0	0	1897
0	0	0	0	0	0	0	1898
0	0	0	0	0	0	0	1899
0	0	0	0	0	0	0	1900
0	0	0	0	0	0	0	1901
0	0	0	0	0	0	0	1902
0	0	0	0	0	0	0	1903
0	0	0	0	0	0	0	1904
0	0	0	0	0	0	0	1905
0	0	0	0	0	0	0	1906
0	0	0	0	0	0	0	1907
0	0	0	0	0	0	0	1908
0	0	0	0	0	0	0	1909
0	0	0	0	0	0	0	1910
0	0	0	0	0	0	0	1911
0	0	0	0	0	0	0	1912
0	0	0	0	0	0	0	1913
0	0	0	0	0	0	0	1914
0	0	0	0	0	0	0	1915
0	0	0	0	0	0	0	1916
0	0	0	0	0	0	0	1917
0	0	0	0	0	0	0	1918
0	0	0	0	0	0	0	1919
0	0	0	0	0	0	0	1920
0	0	0	0	0	0	0	1921
0	0	0	0	0	0	0	1922
0	0	0	0	0	0	0	1923
0	0	0	0	0	0	0	1924
0	0	0	0	0	0	0	1925
0	0	0	0	0	0	0	1926
0	0	0	0	0	0	0	1927
0	0	0	0	0	0	0	1928
0	0	0	0	0	0	0	1929
0	0	0	0	0	0	0	1930
0	0	0	0	0	0	0	1931
0	0	0	0	0	0	0	1932
0	0	0	0	0	0	0	1933
0	0	0	0	0	0	0	1934
0	0	0	0	0	0	0	1935
0	0	0	0	0	0	0	1936
0	0	0	0	0	0	0	1937
0	0	0	0	0	0	0	1938
0	0	0	0	0	0	0	1939
0	0	0	0	0	0	0	1940
0	0	0	0	0	0	0	1941
0	0	0	0	0	0	0	1942
0	0	0	0	0	0	0	1943
0	0	0	0	0	0	0	1944
0	0	0	0	0	0	0	1945
0	0	0	0	0	0	0	1946
0	0	0	0	0	0	0	1947
0	0	0	0	0	0	0	1948
0	0	0	0	0	0	0	1949
0	0	0	0	0	0	0	1950
0	0	0	0	0	0	0	1951
0	0	0	0	0	0	0	1952
0	0	0	0	0	0	0	1953
0	0	0	0	0	0	0	1954
0	0	0	0	0	0	0	1955
0	0	0	0	0	0	0	1956
0	0	0	0	0	0	0	1957
0	0	0	0	0	0	0	1958
0	0	0	0	0	0	0	1959
0	0	0	0	0	0	0	1960
0	0	0	0	0	0	0	1961
0	0	0	0	0	0	0	1962
0	0	0	0	0	0	0	1963
0	0	0	0	0	0	0	1964
0	0	0	0	0	0	0	1965
0	0	0	0	0	0	0	1966
0	0	0	0	0	0	0	1967
0	0	0	0	0	0	0	1968
0	0	0	0	0	0	0	1969
0	0	0	0	0	0	0	1970
0	0	0	0	0	0	0	1971
0	0	0	0	0	0	0	1972
0	0	0	0	0	0	0	1973
0	0	0	0	0	0	0	1974
0	0	0	0	0	0	0	1975
0	0	0	0	0	0	0	1976
0	0	0	0	0	0	0	1977
0	0	0	0	0	0	0	1978
0	0	0	0	0	0	0	1979
0	0	0	0	0	0	0	1980
0	0	0	0	0	0	0	1981
0	0	0	0	0	0	0	1982
0	0	0	0	0	0	0	1983
0	0	0	0	0	0	0	1984
0	0	0	0	0	0	0	1985
0	0	0	0	0	0	0	1986
0	0	0	0	0	0	0	1987
0	0	0	0	0	0	0	1988
0	0	0	0	0	0	0	1989
0	0	0	0	0	0	0	1990
0	0	0	0	0	0	0	1991
0	0	0	0	0	0	0	1992
0	0	0	0	0	0	0	1993
0	0	0	0	0	0	0	1994
0	0	0	0	0	0	0	1995
0	0	0	0	0	0	0	1996
0	0	0	0	0	0	0	1997
0	0	0	0	0	0	0	1998
0	0	0	0	0	0	0	1999
0	0	0	0	0	0	0	2000
0	0	0	0	0	0	0	2001
0	0	0	0	0	0	0	2002
0	0	0	0	0	0	0	2003
0	0	0	0	0	0	0	2004
0	0	0	0	0	0	0	2005
0	0	0	0	0	0	0	2006
0	0	0	0	0	0	0	2007
0	0	0	0	0	0	0	2008
0	0	0	0	0	0	0	2009
0	0	0	0	0	0	0	2010
0	0	0	0	0	0	0	2011
0	0	0	0	0	0	0	2012
0	0	0	0	0	0	0	2013
0	0	0	0	0	0	0	2014
0	0	0	0	0	0	0	2015
0	0	0	0	0	0	0	2016
0	0	0	0	0	0	0	2017
0	0	0	0	0	0	0	2018
0	0	0	0	0	0	0	2019
0	0	0	0	0	0	0	2020
0	0	0	0	0	0	0	2021
0	0	0	0	0	0	0	2022
0	0	0	0	0	0	0	2023
0	0	0	0	0	0	0	2024
0	0	0	0	0	0	0	2025
0	0	0	0	0	0	0	2026
0	0	0	0	0	0	0	2027
0	0	0	0	0	0	0	2028
0	0	0	0	0	0	0	2029
0	0	0	0	0	0	0	2030
0	0	0	0	0	0	0	2031
0	0	0	0	0	0	0	2032
0	0	0	0	0	0	0	2033
0	0	0	0	0	0	0	2034
0	0	0	0	0	0	0	2035
0	0	0	0	0	0	0	2036
0	0	0	0	0	0	0	2037
0	0	0	0	0	0	0	2038
0	0	0	0	0	0	0	2039
0	0	0	0	0	0	0	2040
0	0	0	0	0	0	0	2041
0	0	0	0	0	0	0	2042
0	0	0	0	0	0	0	2043
0	0	0	0	0	0	0	2044
0	0	0	0	0	0	0	2045
0	0	0	0	0	0	0	2046
0	0	0	0	0	0	0	2047
0	0	0	0	0	0	0	2048
0	0	0	0	0	0	0	2049
0	0	0	0	0	0	0	2050
0	0	0	0	0	0	0	2051
0	0	0	0	0	0	0	2052
0	0	0	0	0	0	0	2053
0	0	0	0	0	0	0	2054
0	0	0	0	0	0	0	2055
0	0	0	0	0	0	0	2056
0	0	0	0	0	0	0	2057
0	0	0	0	0	0	0	2058
0	0	0	0	0	0	0	2059
0	0	0	0	0	0	0	2060
0	0	0	0	0	0	0	2061
0	0	0	0	0	0	0	2062
0	0	0	0	0	0	0	2063
0	0	0	0	0	0	0	2064
0	0	0	0	0	0	0	2065
0	0	0	0	0	0	0	2066
0	0	0	0	0	0	0	2067
0	0	0	0	0	0	0	2068
0	0	0	0	0	0	0	2069
0	0	0	0	0	0	0	2070
0	0	0	0	0	0	0	2071
0	0	0	0	0	0	0	2072
0	0	0	0	0	0	0	2073
0	0	0	0	0	0	0	2074
0	0	0	0	0	0	0	2075
0	0	0	0	0	0	0	2076
0	0	0	0	0	0	0	2077
0	0	0	0	0	0	0	2078
0	0	0	0	0	0	0	2079
0	0	0	0	0	0	0	2080
0	0	0	0	0	0	0	2081
0	0	0	0	0	0	0	2082
0	0	0	0	0	0	0	2083
0	0	0	0	0	0	0	2084
0	0	0	0	0	0	0	2085
0	0	0	0	0	0	0	2086
0	0	0	0	0	0	0	2087
0	0	0	0	0	0	0	2088
0	0	0	0	0	0	0	2089
0	0	0	0	0	0	0	2090
0	0	0	0	0	0	0	2091
0	0	0	0	0	0	0	2092
0	0	0	0	0	0	0	2093
0	0	0	0	0	0	0	2094
0	0	0	0	0	0	0	2095
0	0	0	0	0	0	0	2096
0	0	0	0	0	0	0	2097
0	0	0	0	0	0	0	2098
0	0	0	0	0	0	0	2099
0	0	0	0	0	0	0	2100
0	0	0	0	0	0	0	2101
0	0	0	0	0	0	0	2102
0	0	0	0	0	0	0	2103
0	0	0	0	0	0	0	2104
0	0	0	0	0	0	0	2105
0	0	0	0	0	0	0	2106
0	0	0	0	0	0	0	2107
0	0	0	0	0	0	0	2108
0	0	0	0	0	0	0	2109
0	0	0	0	0	0	0	2110
0	0	0	0	0	0	0	2111
0	0	0	0	0	0	0	2112
0	0	0	0	0	0	0	2113
0	0	0	0	0	0	0	2114
0	0	0	0	0	0	0	2115
0	0	0	0	0	0	0	2116
0	0	0	0	0	0	0	2117
0	0	0	0	0	0	0	2118
0	0	0	0	0	0	0	2119
0	0	0	0	0	0	0	2120
0	0	0	0	0	0	0	2121
0	0	0	0	0	0	0	2122
0	0	0	0	0	0	0	2123
0	0	0	0	0	0	0	2124
0	0	0	0	0	0	0	2125
0	0	0	0	0	0	0	2126
0	0	0	0	0	0	0	2127
0	0	0	0	0	0	0	2128
0	0	0	0	0	0	0	2129
0	0	0	0	0	0	0	2130
0	0	0	0	0	0	0	2131
0	0	0	0	0	0	0	2132
0	0	0	0	0	0	0	2133
0	0	0	0	0	0	0	2134
0	0	0	0	0	0	0	2135
0	0	0	0	0	0	0	2136
0	0	0	0	0	0	0	2137
0	0	0	0	0	0	0	2138
0	0	0	0	0	0	0	2139
0	0	0	0	0	0	0	2140
0	0	0	0	0	0	0	2141
0	0	0	0	0	0	0	2142
0	0	0	0	0	0	0	2143
0	0	0	0	0	0	0	2144
0	0	0	0	0	0	0	2145
0	0	0	0	0	0	0	2146
0	0	0	0	0	0	0	2147
0	0	0	0	0	0	0	2148
0	0	0	0	0	0	0	2149
0	0	0	0	0	0	0	2150
0	0	0	0	0	0	0	2151
0	0	0	0	0	0	0	2152
0	0	0	0	0	0	0	2153
0	0	0	0	0	0	0	2154
0	0	0	0	0	0	0	2155
0	0	0	0	0	0	0	2156
0	0	0	0	0	0	0	2157
0	0	0	0	0	0	0	2158
0	0	0	0	0	0	0	2159
0	0	0	0	0	0	0	2160
0	0	0	0	0	0	0	2161
0	0	0	0	0	0	0	2162
0	0	0	0	0	0	0	2163
0	0	0	0	0	0	0	2164
0	0	0	0	0	0	0	2165
0	0	0	0	0	0	0	2166
0	0	0	0	0	0	0	2167
0	0	0	0	0	0	0	2168
0	0	0	0	0	0	0	2169
0	0	0	0	0	0	0	2170
0	0	0	0	0	0	0	2171
0	0	0	0	0	0	0	2172
0	0	0	0	0	0	0	2173
0	0	0	0	0	0	0	2174
0	0	0	0	0	0	0	2175
0	0	0	0	0	0	0	2176
0	0	0	0	0	0	0	2177
0	0	0	0	0	0	0	2178
0	0	0	0	0	0	0	2179
0	0	0	0	0	0	0	2180
0	0	0	0	0	0	0	2181
0	0	0	0	0	0	0	2182
0	0	0	0	0	0	0	2183
0	0	0	0	0	0	0	2184
0	0	0	0	0	0	0	2185
0	0	0	0	0	0	0	2186
0	0	0	0	0	0	0	2187
0	0	0	0	0	0	0	2188
0	0	0	0	0	0	0	2189
0	0	0	0	0	0	0	2190
0	0	0	0	0	0	0	2191
0	0	0	0	0	0	0	2192
0	0	0	0	0	0	0	2193
0	0	0	0	0	0	0	2194
0	0	0	0	0	0	0	2195
0	0	0	0	0	0	0	2196
0	0	0	0	0	0	0	2197
0	0	0	0	0	0	0	2198
0	0	0	0	0	0	0	2199
0	0	0	0	0	0	0	2200
0	0	0	0	0	0	0	2201
0	0	0	0	0	0	0	2202
0	0	0	0	0	0	0	2203
0	0	0	0	0	0	0	2204
0	0	0	0	0	0	0	2205
0	0	0	0	0	0	0	2206
0	0	0	0	0	0	0	2207
0	0	0	0	0	0	0	2208
0	0	0	0	0	0	0	2209
0	0	0	0	0	0	0	2210
0	0	0	0	0	0	0	2211
0	0	0	0	0	0	0	2212
0	0	0	0	0	0	0	2213
0	0	0	0	0	0	0	2214
0	0	0	0	0	0	0	2215
0	0	0	0	0	0	0	2216
0	0	0	0	0	0	0	2217
0	0	0	0	0	0	0	2218
0	0	0	0	0	0	0	2219
0	0	0	0	0	0	0	2220
0	0	0	0	0	0	0	2221
0	0	0	0	0	0	0	2222
0	0	0	0	0	0	0	2223
0	0	0	0	0	0	0	2224
0	0	0	0	0	0	0	2225
0	0	0	0	0	0	0	2226
0	0	0	0	0	0	0	2227
0	0	0	0	0	0	0	2228
0	0	0	0	0	0	0	2229
0	0	0	0	0	0	0	2230
0	0	0	0	0	0	0	2231
0	0	0	0	0	0	0	2232
0	0	0	0	0	0	0	2233
0	0	0	0	0	0	0	2234
0	0	0	0	0	0	0	2235
0	0	0	0	0	0	0	2236
0	0	0	0	0	0	0	2237
0	0	0	0	0	0	0	2238
0	0	0	0	0	0	0	2239
0	0	0	0	0	0	0	2240
0	0	0	0	0	0	0	2241
0	0	0	0	0	0	0	2242
0	0	0	0	0	0	0	2243
0	0	0	0	0	0	0	2244
0	0	0	0	0	0	0	2245
0	0	0	0	0	0	0	2246
0	0	0	0	0	0	0	2247
0	0	0	0	0	0	0	2248
0	0	0	0	0	0	0	2249
0	0	0	0	0	0	0	2250
0	0	0	0	0	0	0	2251
0	0	0	0	0	0	0	2252
0	0	0	0	0	0	0	2253
0	0	0	0	0	0	0	2254
0	0	0	0	0	0	0	2255
0	0	0	0	0	0	0	2256
0	0	0	0	0	0	0	2257
0	0	0	0	0	0	0	2258
0	0	0	0	0	0	0	2259
0	0	0	0	0	0	0	2260
0	0	0	0	0	0	0	2261
0	0	0	0	0	0	0	2262
0	0	0	0	0	0	0	2263
0	0	0	0	0	0	0	2264
0	0	0	0	0	0	0	2265
0	0	0	0	0	0	0	2266
0	0	0	0	0	0	0	2267
0	0	0	0	0	0	0	2268
0	0	0	0	0	0	0	2269
0	0	0	0	0	0	0	2270
0	0	0	0	0	0	0	2271
0	0	0	0	0	0	0	2272
0	0	0	0	0	0	0	2273
0	0	0	0	0	0	0	2274
0	0	0	0	0	0	0	2275
0	0	0	0	0	0	0	2276
0	0	0	0	0	0	0	2277
0	0	0	0	0	0	0	2278
0	0	0	0	0	0	0	2279
0	0	0	0	0	0	0	2280
0	0	0	0	0	0	0	2281
0	0	0	0	0	0	0	2282
0	0	0	0	0	0	0	2283
0	0	0	0	0	0	0	2284
0	0	0	0	0	0	0	2285
0	0	0	0	0	0	0	2286
0	0	0	0	0	0	0	2287
0	0	0	0	0	0	0	2288
0	0	0	0	0	0	0	2289
0	0	0	0	0	0	0	2290
0	0	0	0	0	0	0	2291
0	0	0	0	0	0	0	2292
0	0	0	0	0	0	0	2293
0	0	0	0	0	0	0	2294
0	0	0	0	0	0	0	2295
0	0	0	0	0	0	0	2296
0	0	0	0	0	0	0	2297
0	0	0	0	0	0	0	2298
0	0	0	0	0	0	0	2299
0	0	0	0	0	0	0	2300
0	0	0	0	0	0	0	2301
0	0	0	0	0	0	0	2302
0	0	0	0	0	0	0	2303
0	0	0	0	0	0	0	2304
0	0	0	0	0	0	0	2305
0	0	0	0	0	0	0	2306
0	0	0	0	0	0	0	2307
0	0	0	0	0	0	0	2308
0	0	0	0	0	0	0	2309
0	0	0	0	0	0	0	2310
0	0	0	0	0	0	0	2311
0	0	0	0	0	0	0	2312
0	0	0	0	0	0	0	2313
0	0	0	0	0	0	0	2314
0	0	0	0	0	0	0	2315
0	0	0	0	0	0	0	2316
0	0	0	0	0	0	0	2317
0	0	0	0	0	0	0	2318
0	0	0	0	0	0	0	2319
0	0	0	0	0	0	0	2320
0	0	0	0	0	0	0	2321
0	0	0	0	0	0	0	2322
0	0	0	0	0	0	0	2323
0	0	0	0	0	0	0	2324
0	0	0	0	0	0	0	2325
0	0	0	0	0	0	0	2326
0	0	0	0	0	0	0	2327
0	0	0	0	0	0	0	2328
0	0	0	0	0	0	0	2329
0	0	0	0	0	0	0	2330
0	0	0	0	0	0	0	2331
0	0	0	0	0	0	0	2332
0	0	0	0	0	0	0	2333
0	0	0	0	0	0	0	2334
0	0	0	0	0	0	0	2335
0	0	0	0	0	0	0	2336
0	0	0	0	0	0	0	2337
0	0	0	0	0	0	0	2338
0	0	0	0	0	0	0	2339
0	0	0	0	0	0	0	2340
0	0	0	0	0	0	0	2341
0	0	0	0	0	0	0	2342
0	0	0	0	0	0	0	2343
0	0	0	0	0	0	0	2344
0	0	0	0	0	0	0	2345
0	0	0	0	0	0	0	2346
0	0	0	0	0	0	0	2347
0	0	0	0	0	0	0	2348
0	0	0	0	0	0	0	2349
0	0	0	0	0	0	0	2350
0	0	0	0	0	0	0	2351
0	0	0	0	0	0	0	2352
0	0	0	0	0	0	0	2353
0	0	0	0	0	0	0	2354
0	0	0	0	0	0	0	2355
0	0	0	0	0	0	0	2356
0	0	0	0	0	0	0	2357
0	0	0	0	0	0	0	2358
0	0	0	0	0	0	0	2359
0	0	0	0	0	0	0	2360
0	0	0	0	0	0	0	2361
0	0	0	0	0	0	0	2362
0	0	0	0	0	0	0	2363
0	0	0	0	0	0	0	2364
0	0	0	0	0	0	0	2365
0	0	0	0	0	0	0	2366
0	0	0	0	0	0	0	2367
0	0	0	0	0	0	0	2368
0	0	0	0	0	0	0	2369
0	0	0	0	0	0	0	2370
0	0	0	0	0	0	0	2371
0	0	0	0	0	0	0	2372
0	0	0	0	0	0	0	2373
0	0	0	0	0	0	0	2374
0	0	0	0	0	0	0	2375
0	0	0	0	0	0	0	2376
0	0	0	0	0	0	0	2377
0	0	0	0	0	0	0	2378
0	0	0	0	0	0	0	2379
0	0	0	0	0	0	0	2380
0	0	0	0	0	0	0	2381
0	0	0	0	0	0	0	2382
0	0	0	0	0	0	0	2383
0	0	0	0	0	0	0	2384
0	0	0	0	0	0	0	2385
0	0	0	0	0	0	0	2386
0	0	0	0	0	0	0	2387
0	0	0	0	0	0	0	2388
0	0	0	0	0	0	0	2389
0	0	0	0	0	0	0	2390
0	0	0	0	0	0	0	2391
0	0	0	0	0	0	0	2392
0	0	0	0	0	0	0	2393
0	0	0	0	0	0	0	2394
0	0	0	0	0	0	0	2395
0	0	0	0	0	0	0	2396
0	0	0	0	0	0	0	2397
0	0	0	0	0	0	0	2398
0	0	0	0	0	0	0	2399
0	0	0	0	0	0	0	2400
0	0	0	0	0	0	0	2401
0	0	0	0	0	0	0	2402
0	0	0	0	0	0	0	2403
0	0	0	0	0	0	0	2404
0	0	0	0	0	0	0	2405
0	0	0	0	0	0	0	2406
0	0	0	0	0	0	0	2407
0	0	0	0	0	0	0	2408
0	0	0	0	0	0	0	2409
0	0	0	0	0	0	0	2410
0	0	0	0	0	0	0	2411
0	0	0	0	0	0	0	2412
0	0	0	0	0	0	0	2413
0	0	0	0	0	0	0	2414
0	0	0	0	0	0	0	2415
0	0	0	0	0	0	0	2416
0	0	0	0	0	0	0	2417
0	0	0	0	0	0	0	2418
0	0	0	0	0	0	0	2419
0	0	0	0	0	0	0	2420
0	0	0	0	0	0	0	2421
0	0	0	0	0	0	0	2422
0	0	0	0	0	0	0	2423
0	0	0	0	0	0	0	2424
0	0	0	0	0	0	0	2425
0	0	0	0	0	0	0	2426
0	0	0	0	0	0	0	2427
0	0	0	0	0	0	0	2428
0	0	0	0	0	0	0	2429
0	0	0	0	0	0	0	2430
0	0	0	0	0	0	0	2431
0	0	0	0	0	0	0	2432
0	0	0	0	0	0	0	2433
0	0	0	0	0	0	0	2434
0	0	0	0	0	0	0	2435
0	0	0	0	0	0	0	2436
0	0	0	0	0	0	0	2437
0	0	0	0	0	0	0	2438
0	0	0	0	0	0	0	2439
0	0	0	0	0	0	0	2440
0	0	0	0	0	0	0	2441
0	0	0	0	0	0	0	2442
0	0	0	0	0	0	0	2443
0	0	0	0	0	0	0	2444
0	0	0	0	0	0	0	2445
0	0	0	0	0	0	0	2446
0	0	0	0	0	0	0	2447
0	0	0	0	0	0	0	2448
0	0	0	0	0	0	0	2449
0	0	0	0	0	0	0	2450
0	0	0	0	0	0	0	2451
0	0	0	0	0	0	0	2452
0	0	0	0	0	0	0	2453
0	0	0	0	0	0	0	2454
0	0	0	0	0	0	0	2455
0	0	0	0	0	0	0	2456
0	0	0	0	0	0	0	2457
0	0	0	0	0	0	0	2458
0	0	0	0	0	0	0	2459
0	0	0	0	0	0	0	2460
0	0	0	0	0	0	0	2461
0	0	0	0	0	0	0	2462
0	0	0	0	0	0	0	2463
0	0	0	0	0	0	0	2464
0	0	0	0	0	0	0	2465
0	0	0	0	0	0	0	2466
0	0	0	0	0	0	0	2467
0	0	0	0	0	0	0	2468
0	0	0	0	0	0	0	2469
0	0	0	0	0	0	0	2470
0	0	0	0	0	0	0	2471
0	0	0	0	0	0	0	2472
0	0	0	0	0	0	0	2473
0	0	0	0	0	0	0	2474
0	0	0	0	0	0	0	2475
0	0	0	0	0	0	0	2476
0	0	0	0	0	0	0	2477
0	0	0	0	0	0	0	2478
0	0	0	0	0	0	0	2479
0	0	0	0	0	0	0	2480
0	0	0	0	0	0	0	2481
0	0	0	0	0	0	0	2482
0	0	0	0	0	0	0	2483
0	0	0	0	0	0	0	2484
0	0	0	0	0	0	0	2485
0	0	0	0	0	0	0	2486
0	0	0	0	0	0	0	2487
0	0	0	0	0	0	0	2488
0	0	0	0	0	0	0	2489
0	0	0	0	0	0	0	2490
0	0	0	0	0	0	0	2491
0	0	0	0	0	0	0	2492
0	0	0	0	0	0	0	2493
0	0	0	0	0	0	0	2494
0	0	0	0	0	0	0	2495
0	0	0	0	0	0	0	2496
0	0	0	0	0	0	0	2497
0	0	0	0	0	0	0	2498
0	0	0	0	0	0	0	2499
0	0	0	0	0	0	0	2500
0	0	0	0	0	0	0	2501
0	0	0	0	0	0	0	2502
0	0	0	0	0	0	0	2503
0	0	0	0	0	0	0	2504
0	0	0	0	0	0	0	2505
0	0	0	0	0	0	0	2506
0	0	0	0	0	0	0	2507
0	0	0	0	0	0	0	2508
0	0	0	0	0	0	0	2509
0	0	0	0	0	0	0	2510
0	0	0	0	0	0	0	2511
0	0	0	0	0	0	0	2512
0	0	0	0	0	0	0	2513
0	0	0	0	0	0	0	2514
0	0	0	0	0	0	0	2515
0	0	0	0	0	0	0	2516
0	0	0	0	0	0	0	2517
0	0	0	0	0	0	0	2518
0	0	0	0	0	0	0	2519
0	0	0	0	0	0	0	2520
0	0	0	0	0	0	0	2521
0	0	0	0	0	0	0	2522
0	0	0	0	0	0	0	2523
0	0	0	0	0	0	0	2524
0	0	0	0	0	0	0	2525
0	0	0	0	0	0	0	2526
0	0	0	0	0	0	0	2527
0	0	0	0	0	0	0	2528
0	0	0	0	0	0	0	2529
0	0	0	0	0	0	0	2530
0	0	0	0	0	0	0	2531
0	0	0	0	0	0	0	2532
0	0	0	0	0	0	0	2533
0	0	0	0	0	0	0	2534
0	0	0	0	0	0	0	2535
0	0	0	0	0	0	0	2536
0	0	0	0	0	0	0	2537
0	0	0	0	0	0	0	2538
0	0	0	0	0	0	0	2539
0	0	0	0	0	0	0	2540
0	0	0	0	0	0	0	2541
0	0	0	0	0	0	0	2542
0	0	0	0	0	0	0	2543
0	0	0	0	0	0	0	2544
0	0	0	0	0	0	0	2545
0	0	0	0	0	0	0	2546
0	0	0	0	0	0	0	2547
0	0	0	0	0	0	0	2548
0	0	0	0	0	0	0	2549
0	0	0	0	0	0	0	2550
0	0	0	0	0	0	0	2551
0	0	0	0	0	0	0	2552
0	0	0	0	0	0	0	2553
0	0	0	0	0	0	0	2554
0	0	0	0	0	0	0	2555
0	0	0	0	0	0	0	2556
0	0	0	0	0	0	0	2557
0	0	0	0	0	0	0	2558
0	0	0	0	0	0	0	2559
0	0	0	0	0	0	0	2560
0	0	0	0	0	0	0	2561
0	0	0	0	0	0	0	2562
0	0	0	0	0	0	0	2563
0	0	0	0	0	0	0	2564
0	0	0	0	0	0	0	2565
0	0	0	0	0	0	0	2566
0	0	0	0	0	0	0	2567
0	0	0	0	0	0	0	2568
0	0	0	0	0	0	0	2569
0	0	0	0	0	0	0	2570
0	0	0	0	0	0	0	2571
0	0	0	0	0	0	0	2572
0	0	0	0	0	0	0	2573
0	0	0	0	0	0	0	2574
0	0	0	0	0	0	0	2575
0	0	0	0	0	0	0	2576
0	0	0	0	0	0	0	2577
0	0	0	0	0	0	0	2578
0	0	0	0	0	0	0	2579
0	0	0	0	0	0	0	2580
0	0	0	0	0	0	0	2581
0	0	0	0	0	0	0	2582
0	0	0	0	0	0	0	2583
0	0	0	0	0	0	0	2584
0	0	0	0	0	0	0	2585
0	0	0	0	0	0	0	2586
0	0	0	0	0	0	0	2587
0	0	0	0	0	0	0	2588
0	0	0	0	0	0	0	2589
0	0	0	0	0	0	0	2590
0	0	0	0	0	0	0	2591
0	0	0	0	0	0	0	2592
0	0	0	0	0	0	0	2593
0	0	0	0	0	0	0	2594
0	0	0	0	0	0	0	2595
0	0	0	0	0	0	0	2596
0	0	0	0	0	0	0	2597
0	0	0	0	0	0	0	2598
0	0	0	0	0	0	0	2599
0	0	0	0	0	0	0	2600
0	0	0	0	0	0	0	2601
0	0	0	0	0	0	0	2602
0	0	0	0	0	0	0	2603
0	0	0	0	0	0	0	2604
0	0	0	0	0	0	0	2605
0	0	0	0	0	0	0	2606
0	0	0	0	0	0	0	2607
0	0	0	0	0	0	0	2608
0	0	0	0	0	0	0	2609
0	0	0	0	0	0	0	2610
0	0	0	0	0	0	0	2611
0	0	0	0	0	0	0	2612
0	0	0	0	0	0	0	2613
0	0	0	0	0	0	0	2614
0	0	0	0	0	0	0	2615
0	0	0	0	0	0	0	2616
0	0	0	0	0	0	0	2617
0	0	0	0	0	0	0	2618
0	0	0	0	0	0	0	2619
0	0	0	0	0	0	0	2620
0	0	0	0	0	0	0	2621
0	0	0	0	0	0	0	2622
0	0	0	0	0	0	0	2623
0	0	0	0	0	0	0	2624
0	0	0	0	0	0	0	2625
0	0	0	0	0	0	0	2626
0	0	0	0	0	0	0	2627
0	0	0	0	0	0	0	2628
0	0	0	0	0	0	0	2629
0	0	0	0	0	0	0	2630
0	0	0	0	0	0	0	2631
0	0	0	0	0	0	0	2632
0	0	0	0	0	0	0	2633
0	0	0	0	0	0	0	2634
0	0	0	0	0	0	0	2635
0	0	0	0	0	0	0	2636
0	0	0	0	0	0	0	2637
0	0	0	0	0	0	0	2638
0	0	0	0	0	0	0	2639
0	0	0	0	0	0	0	2640
0	0	0	0	0	0	0	2641
0	0	0	0	0	0	0	2642
0	0	0	0	0	0	0	2643
0	0	0	0	0	0	0	2644
0	0	0	0	0	0	0	2645
0	0	0	0	0	0	0	2646
0	0	0	0	0	0	0	2647
0	0	0	0	0	0	0	2648
0	0	0	0	0	0	0	2649
0	0	0	0	0	0	0	2650
0	0	0	0	0	0	0	2651
0	0	0	0	0	0	0	2652
0	0	0	0	0	0	0	2653
0	0	0	0	0	0	0	2654
0	0	0	0	0	0	0	2655
0	0	0	0	0	0	0	2656
0	0	0	0	0	0	0	2657
0	0	0	0	0	0	0	2658
0	0	0	0	0	0	0	2659
0	0	0	0	0	0	0	2660
0	0	0	0	0	0	0	2661
0	0	0	0	0	0	0	2662
0	0	0	0	0	0	0	2663
0	0	0	0	0	0	0	2664
0	0	0	0	0	0	0	2665
0	0	0	0	0	0	0	2666
0	0	0	0	0	0	0	2667
0	0	0	0	0	0	0	2668
0	0	0	0	0	0	0	2669
0	0	0	0	0	0	0	2670
0	0	0	0	0	0	0	2671
0	0	0	0	0	0	0	2672
0	0	0	0	0	0	0	2673
0	0	0	0	0	0	0	2674
0	0	0	0	0	0	0	2675
0	0	0	0	0	0	0	2676
0	0	0	0	0	0	0	2677
0	0	0	0	0	0	0	2678
0	0	0	0	0	0	0	2679
0	0	0	0	0	0	0	2680
0	0	0	0	0	0	0	2681
0	0	0	0	0	0	0	2682
0	0	0	0	0	0	0	2683
0	0	0	0	0	0	0	2684
0	0	0	0	0	0	0	2685
0	0	0	0	0	0	0	2686
0	0	0	0	0	0	0	2687
0	0	0	0	0	0	0	2688
0	0	0	0	0	0	0	2689
0	0	0	0	0	0	0	2690
0	0	0	0	0	0	0	2691
0	0	0	0	0	0	0	2692
0	0	0	0	0	0	0	2693
0	0	0	0	0	0	0	2694
0	0	0	0	0	0	0	2695
0	0	0	0	0	0	0	2696
0	0	0	0	0	0	0	2697
0	0	0	0	0	0	0	2698
0	0	0	0	0	0	0	2699
0	0	0	0	0	0	0	2700
0	0	0	0	0	0	0	2701
0	0	0	0	0	0	0	2702
0	0	0	0	0	0	0	2703
0	0	0	0	0	0	0	2704
0	0	0	0	0	0	0	2705
0	0	0	0	0	0	0	2706
0	0	0	0	0	0	0	2707
0	0	0	0	0	0	0	2708
0	0	0	0	0	0	0	2709
0	0	0	0	0	0	0	2710
0	0	0	0	0	0	0	2711
0	0	0	0	0	0	0	2712
0	0	0	0	0	0	0	2713
0	0	0	0	0	0	0	2714
0	0	0	0	0	0	0	2715
0	0	0	0	0	0	0	2716
0	0	0	0	0	0	0	2717
0	0	0	0	0	0	0	2718
0	0	0	0	0	0	0	2719
0	0	0	0	0	0	0	2720
0	0	0	0	0	0	0	2721
0	0	0	0	0	0	0	2722
0	0	0	0	0	0	0	2723
0	0	0	0	0	0	0	2724
0	0	0	0	0	0	0	2725
0	0	0	0	0	0	0	2726
0	0	0	0	0	0	0	2727
0	0	0	0	0	0	0	2728
0	0	0	0	0	0	0	2729
0	0	0	0	0	0	0	2730
0	0	0	0	0	0	0	2731
0	0	0	0	0	0	0	2732
0	0	0	0	0	0	0	2733
0	0	0	0	0	0	0	2734
0	0	0	0	0	0	0	2735
0	0	0	0	0	0	0	2736
0	0	0	0	0	0	0	2737
0	0	0	0	0	0	0	2738
0	0	0	0	0	0	0	2739
0	0	0	0	0	0	0	2740
0	0	0	0	0	0	0	2741
0	0	0	0	0	0	0	2742
0	0	0	0	0	0	0	2743
0	0	0	0	0	0	0	2744
0	0	0	0	0	0	0	2745
0	0	0	0	0	0	0	2746
0	0	0	0	0	0	0	2747
0	0	0	0	0	0	0	2748
0	0	0	0	0	0	0	2749
0	0	0	0	0	0	0	2750
0	0	0	0	0	0	0	2751
0	0	0	0	0	0	0	2752
0	0	0	0	0	0	0	2753
0	0	0	0	0	0	0	2754
0	0	0	0	0	0	0	2755
0	0	0	0	0	0	0	2756
0	0	0	0	0	0	0	2757
0	0	0	0	0	0	0	2758
0	0	0	0	0	0	0	2759
0	0	0	0	0	0	0	2760
0	0	0	0	0	0	0	2761
0	0	0	0	0	0	0	2762
0	0	0	0	0	0	0	2763
0	0	0	0	0	0	0	2764
0	0	0	0	0	0	0	2765
0	0	0	0	0	0	0	2766
0	0	0	0	0	0	0	2767
0	0	0	0	0	0	0	2768
0	0	0	0	0	0	0	2769
0	0	0	0	0	0	0	2770
0	0	0	0	0	0	0	2771
0	0	0	0	0	0	0	2772
0	0	0	0	0	0	0	2773
0	0	0	0	0	0	0	2774
0	0	0	0	0	0	0	2775
0	0	0	0	0	0	0	2776
0	0	0	0	0	0	0	2777
0	0	0	0	0	0	0	2778
0	0	0	0	0	0	0	2779
0	0	0	0	0	0	0	2780
0	0	0	0	0	0	0	2781
0	0	0	0	0	0	0	2782
0	0	0	0	0	0	0	2783
0	0	0	0	0	0	0	2784
0	0	0	0	0	0	0	2785
0	0	0	0	0	0	0	2786
0	0	0	0	0	0	0	2787
0	0	0	0	0	0	0	2788
0	0	0	0	0	0	0	2789
0	0	0	0	0	0	0	2790
0	0	0	0	0	0	0	2791
0	0	0	0	0	0	0	2792
0	0	0	0	0	0	0	2793
0	0	0	0	0	0	0	2794
0	0	0	0	0	0	0	2795
0	0	0	0	0	0	0	2796
0	0	0	0	0	0	0	2797
0	0	0	0	0	0	0	2798
0	0	0	0	0	0	0	2799
0	0	0	0	0	0	0	2800
0	0	0	0	0	0	0	2801
0	0	0	0	0	0	0	2802
0	0	0	0	0	0	0	2803
0	0	0	0	0	0	0	2804
0	0	0	0	0	0	0	2805
0	0	0	0	0	0	0	2806
0	0	0	0	0	0	0	2807
0	0	0	0	0	0	0	2808
0	0	0	0	0	0	0	2809
0	0	0	0	0	0	0	2810
0	0	0	0	0	0	0	2811
0	0	0	0	0	0	0	2812
0	0	0	0	0	0	0	2813
0	0	0	0	0	0	0	2814
0	0	0	0	0	0	0	2815
0	0	0	0	0	0	0	2816
0	0	0	0	0	0	0	2817
0	0	0	0	0	0	0	2818
0	0	0	0	0	0	0	2819
0	0	0	0	0	0	0	2820
0	0	0	0	0	0	0	2821
0	0	0	0	0	0	0	2822
0	0	0	0	0	0	0	2823
0	0	0	0	0	0	0	2824
0	0	0	0	0	0	0	2825
0	0	0	0	0	0	0	2826
0	0	0	0	0	0	0	2827
0	0	0	0	0	0	0	2828
0	0	0	0	0	0	0	2829
0	0	0	0	0	0	0	2830
0	0	0	0	0	0	0	2831
0	0	0	0	0	0	0	2832
0	0	0	0	0	0	0	2833
0	0	0	0	0	0	0	2834
0	0	0	0	0	0	0	2835
0	0	0	0	0	0	0	2836
0	0	0	0	0	0	0	2837
0	0	0	0	0	0	0	2838
0	0	0	0	0	0	0	2839
0	0	0	0	0	0	0	2840
0	0	0	0	0	0	0	2841
0	0	0	0	0	0	0	2842
0	0	0	0	0	0	0	2843
0	0	0	0	0	0	0	2844
0	0	0	0	0	0	0	2845
0	0	0	0	0	0	0	2846
0	0	0	0	0	0	0	2847
0	0	0	0	0	0	0	2848
0	0	0	0	0	0	0	2849
0	0	0	0	0	0	0	2850
0	0	0	0	0	0	0	2851
0	0	0	0	0	0	0	2852
0	0	0	0	0	0	0	2853
0	0	0	0	0	0	0	2854
0	0	0	0	0	0	0	2855
0	0	0	0	0	0	0	2856
0	0	0	0	0	0	0	2857
0	0	0	0	0	0	0	2858
0	0	0	0	0	0	0	2859
0	0	0	0	0	0	0	2860
0	0	0	0	0	0	0	2861
0	0	0	0	0	0	0	2862
0	0	0	0	0	0	0	2863
0	0	0	0	0	0	0	2864
0	0	0	0	0	0	0	2865
0	0	0	0	0	0	0	2866
0	0	0	0	0	0	0	2867
0	0	0	0	0	0	0	2868
0	0	0	0	0	0	0	2869
0	0	0	0	0	0	0	2870
0	0	0	0	0	0	0	2871
0	0	0	0	0	0	0	2872
0	0	0	0	0	0	0	2873
0	0	0	0	0	0	0	2874
0	0	0	0	0	0	0	2875
0	0	0	0	0	0	0	2876
0	0	0	0	0	0	0	2877
0	0	0	0	0	0	0	2878
0	0	0	0	0	0	0	2879
0	0	0	0	0	0	0	2880
0	0	0	0	0	0	0	2881
0	0	0	0	0	0	0	2882
0	0	0	0	0	0	0	2883
0	0	0	0	0	0	0	2884
0	0	0	0	0	0	0	2885
0	0	0	0	0	0	0	2886
0	0	0	0	0	0	0	2887
0	0	0	0	0	0	0	2888
0	0	0	0	0	0	0	2889
0	0	0	0	0	0	0	2890
0	0	0	0	0	0	0	2891
0	0	0	0	0	0	0	2892
0	0	0	0	0	0	0	2893
0	0	0	0	0	0	0	2894
0	0	0	0	0	0	0	2895
0	0	0	0	0	0	0	2896
0	0	0	0	0	0	0	2897
0	0	0	0	0	0	0	2898
0	0	0	0	0	0	0	2899
0	0	0	0	0	0	0	2900
0	0	0	0	0	0	0	2901
0	0	0	0	0	0	0	2902
0	0	0	0	0	0	0	2903
0	0	0	0	0	0	0	2904
0	0	0	0	0	0	0	2905
0	0	0	0	0	0	0	2906
0	0	0	0	0	0	0	2907
0	0	0	0	0	0	0	2908
0	0	0	0	0	0	0	2909
0	0	0	0	0	0	0	2910
0	0	0	0	0	0	0	2911
0	0	0	0	0	0	0	2912
0	0	0	0	0	0	0	2913
0	0	0	0	0	0	0	2914
0	0	0	0	0	0	0	2915
0	0	0	0	0	0	0	2916
0	0	0	0	0	0	0	2917
0	0	0	0	0	0	0	2918
0	0	0	0	0	0	0	2919
0	0	0	0	0	0	0	2920
0	0	0	0	0	0	0	2921
0	0	0	0	0	0	0	2922
0	0	0	0	0	0	0	2923
0	0	0	0	0	0	0	2924
0	0	0	0	0	0	0	2925
0	0	0	0	0	0	0	2926
0	0	0	0	0	0	0	2927
0	0	0	0	0	0	0	2928
0	0	0	0	0	0	0	2929
0	0	0	0	0	0	0	2930
0	0	0	0	0	0	0	2931
0	0	0	0	0	0	0	2932
0	0	0	0	0	0	0	2933
0	0	0	0	0	0	0	2934
0	0	0	0	0	0	0	2935
0	0	0	0	0	0	0	2936
0	0	0	0	0	0	0	2937
0	0	0	0	0	0	0	2938
0	0	0	0	0	0	0	2939
0	0	0	0	0	0	0	2940
0	0	0	0	0	0	0	2941
0	0	0	0	0	0	0	2942
0	0	0	0	0	0	0	2943
0	0	0	0	0	0	0	2944
0	0	0	0	0	0	0	2945
0	0	0	0	0	0	0	2946
0	0	0	0	0	0	0	2947
0	0	0	0	0	0	0	2948
0	0	0	0	0	0	0	2949
0	0	0	0	0	0	0	2950
0	0	0	0	0	0	0	2951
0	0	0	0	0	0	0	2952
0	0	0	0	0	0	0	2953
0	0	0	0	0	0	0	2954
0	0	0	0	0	0	0	2955
0	0	0	0	0	0	0	2956
0	0	0	0	0	0	0	2957
0	0	0	0	0	0	0	2958
0	0	0	0	0	0	0	2959
0	0	0	0	0	0	0	2960
0	0	0	0	0	0	0	2961
0	0	0	0	0	0	0	2962
0	0	0	0	0	0	0	2963
0	0	0	0	0	0	0	2964
0	0	0	0	0	0	0	2965
0	0	0	0	0	0	0	2966
0	0	0	0	0	0	0	2967
0	0	0	0	0	0	0	2968
0	0	0	0	0	0	0	2969
0	0	0	0	0	0	0	2970
0	0	0	0	0	0	0	2971
0	0	0	0	0	0	0	2972
0	0	0	0	0	0	0	2973
0	0	0	0	0	0	0	2974
0	0	0	0	0	0	0	2975
0	0	0	0	0	0	0	2976
0	0	0	0	0	0	0	2977
0	0	0	0	0	0	0	2978
0	0	0	0	0	0	0	2979
0	0	0	0	0	0	0	2980
0	0	0	0	0	0	0	2981
0	0	0	0	0	0	0	2982
0	0	0	0	0	0	0	2983
0	0	0	0	0	0	0	2984
0	0	0	0	0	0	0	2985
0	0	0	0	0	0	0	2986
0	0	0	0	0	0	0	2987
0	0	0	0	0	0	0	2988
0	0	0	0	0	0	0	2989
0	0	0	0	0	0	0	2990
0	0	0	0	0	0	0	2991
0	0	0	0	0	0	0	2992
0	0	0	0	0	0	0	2993
0	0	0	0	0	0	0	2994
0	0	0	0	0	0	0	2995
0	0	0	0	0	0	0	2996
0	0	0	0	0	0	0	2997
0	0	0	0	0	0	0	2998
0	0	0	0	0	0	0	2999
0	0	0	0	0	0	0	3000
0	0	0	0	0	0	0	3001
0	0	0	0	0	0	0	3002
0	0	0	0	0	0	0	3003
0	0	0	0	0	0	0	3004
0	0	0	0	0	0	0	3005
0	0	0	0	0	0	0	3006
0	0	0	0	0	0	0	3007
0	0	0	0	0	0	0	3008
0	0	0	0	0	0	0	3009
0	0	0	0	0	0	0	3010
0	0	0	0	0	0	0	3011
0	0	0	0	0	0	0	3012
0	0	0	0	0	0	0	3013
0	0	0	0	0	0	0	3014
0	0	0	0	0	0	0	3015
0	0	0	0	0	0	0	3016
0	0	0	0	0	0	0	3017
0	0	0	0	0	0	0	3018
0	0	0	0	0	0	0	3019
0	0	0	0	0	0	0	3020
0	0	0	0	0	0	0	3021
0	0	0	0	0	0	0	3022
0	0	0	0	0	0	0	3023
0	0	0	0	0	0	0	3024
0	0	0	0	0	0	0	3025
0	0	0	0	0	0	0	3026
0	0	0	0	0	0	0	3027
0	0	0	0	0	0	0	3028
0	0	0	0	0	0	0	3029
0	0	0	0	0	0	0	3030
0	0	0	0	0	0	0	3031
0	0	0	0	0	0	0	3032
0	0	0	0	0	0	0	3033
0	0	0	0	0	0	0	3034
0	0	0	0	0	0	0	3035
0	0	0	0	0	0	0	3036
0	0	0	0	0	0	0	3037
0	0	0	0	0	0	0	3038
0	0	0	0	0	0	0	3039
0	0	0	0	0	0	0	3040
0	0	0	0	0	0	0	3041
0	0	0	0	0	0	0	3042
0	0	0	0	0	0	0	3043
0	0	0	0	0	0	0	3044
0	0	0	0	0	0	0	3045
0	0	0	0	0	0	0	3046
0	0	0	0	0	0	0	3047
0	0	0	0	0	0	0	3048
0	0	0	0	0	0	0	3049
0	0	0	0	0	0	0	3050
0	0	0	0	0	0	0	3051
0	0	0	0	0	0	0	3052
0	0	0	0	0	0	0	3053
0	0	0	0	0	0	0	3054
0	0	0	0	0	0	0	3055
0	0	0	0	0	0	0	3056
0	0	0	0	0	0	0	3057
0	0	0	0	0	0	0	3058
0	0	0	0	0	0	0	3059
0	0	0	0	0	0	0	3060
0	0	0	0	0	0	0	3061
0	0	0	0	0	0	0	3062
0	0	0	0	0	0	0	3063
0	0	0	0	0	0	0	3064
0	0	0	0	0	0	0	3065
0	0	0	0	0	0	0	3066
0	0	0	0	0	0	0	3067
0	0	0	0	0	0	0	3068
0	0	0	0	0	0	0	3069
0	0	0	0	0	0	0	3070
0	0	0	0	0	0	0	3071
0	0	0	0	0	0	0	3072
0	0	0	0	0	0	0	3073
0	0	0	0	0	0	0	3074
0	0	0	0	0	0	0	3075
0	0	0	0	0	0	0	3076
0	0	0	0	0	0	0	3077
0	0	0	0	0	0	0	3078
0	0	0	0	0	0	0	3079
0	0	0	0	0	0	0	3080
0	0	0	0	0	0	0	3081
0	0	0	0	0	0	0	3082
0	0	0	0	0	0	0	3083
0	0	0	0	0	0	0	3084
0	0	0	0	0	0	0	3085
0	0	0	0	0	0	0	3086
0	0	0	0	0	0	0	3087
0	0	0	0	0	0	0	3088
0	0	0	0	0	0	0	3089
0	0	0	0	0	0	0	3090
0	0	0	0	0	0	0	3091
0	0	0	0	0	0	0	3092
0	0	0	0	0	0	0	3093
0	0	0	0	0	0	0	3094
0	0	0	0	0	0	0	3095
0	0	0	0	0	0	0	3096
0	0	0	0	0	0	0	3097
0	0	0	0	0	0	0	3098
0	0	0	0	0	0	0	3099
0	0	0	0	0	0	0	3100
0	0	0	0	0	0	0	3101
0	0	0	0	0	0	0	3102
0	0	0	0	0	0	0	3103
0	0	0	0	0	0	0	3104
0	0	0	0	0	0	0	3105
0	0	0	0	0	0	0	3106
0	0	0	0	0	0	0	3107
0	0	0	0	0	0	0	3108
0	0	0	0	0	0	0	3109
0	0	0	0	0	0	0	3110
0	0	0	0	0	0	0	3111
0	0	0	0	0	0	0	3112
0	0	0	0	0	0	0	3113
0	0	0	0	0	0	0	3114
0	0	0	0	0	0	0	3115
0	0	0	0	0	0	0	3116
0	0	0	0	0	0	0	3117
0	0	0	0	0	0	0	3118
0	0	0	0	0	0	0	3119
0	0	0	0	0	0	0	3120
0	0	0	0	0	0	0	3121
0	0	0	0	0	0	0	3122
0	0	0	0	0	0	0	3123
0	0	0	0	0	0	0	3124
0	0	0	0	0	0	0	3125
0	0	0	0	0	0	0	3126
0	0	0	0	0	0	0	3127
0	0	0	0	0	0	0	3128
0	0	0	0	0	0	0	3129
0	0	0	0	0	0	0	3130
0	0	0	0	0	0	0	3131
0	0	0	0	0	0	0	3132
0	0	0	0	0	0	0	3133
0	0	0	0	0	0	0	3134
0	0	0	0	0	0	0	3135
0	0	0	0	0	0	0	3136
0	0	0	0	0	0	0	3137
0	0	0	0	0	0	0	3138
0	0	0	0	0	0	0	3139
0	0	0	0	0	0	0	3140
0	0	0	0	0	0	0	3141
0	0	0	0	0	0	0	3142
0	0	0	0	0	0	0	3143
0	0	0	0	0	0	0	3144
0	0	0	0	0	0	0	3145
0	0	0	0	0	0	0	3146
0	0	0	0	0	0	0	3147
0	0	0	0	0	0	0	3148
0	0	0	0	0	0	0	3149
0	0	0	0	0	0	0	3150
0	0	0	0	0	0	0	3151
0	0	0	0	0	0	0	3152
0	0	0	0	0	0	0	3153
0	0	0	0	0	0	0	3154
0	0	0	0	0	0	0	3155
0	0	0	0	0	0	0	3156
0	0	0	0	0	0	0	3157
0	0	0	0	0	0	0	3158
0	0	0	0	0	0	0	3159
0	0	0	0	0	0	0	3160
0	0	0	0	0	0	0	3161
0	0	0	0	0	0	0	3162
0	0	0	0	0	0	0	3163
0	0	0	0	0	0	0	3164
0	0	0	0	0	0	0	3165
0	0	0	0	0	0	0	3166
0	0	0	0	0	0	0	3167
0	0	0	0	0	0	0	3168
0	0	0	0	0	0	0	3169
0	0	0	0	0	0	0	3170
0	0	0	0	0	0	0	3171
0	0	0	0	0	0	0	3172
0	0	0	0	0	0	0	3173
0	0	0	0	0	0	0	3174
0	0	0	0	0	0	0	3175
0	0	0	0	0	0	0	3176
0	0	0	0	0	0	0	3177
0	0	0	0	0	0	0	3178
0	0	0	0	0	0	0	3179
0	0	0	0	0	0	0	3180
0	0	0	0	0	0	0	3181
0	0	0	0	0	0	0	3182
0	0	0	0	0	0	0	3183
0	0	0	0	0	0	0	3184
0	0	0	0	0	0	0	3185
0	0	0	0	0	0	0	3186
0	0	0	0	0	0	0	3187
0	0	0	0	0	0	0	3188
0	0	0	0	0	0	0	3189
0	0	0	0	0	0	0	3190
0	0	0	0	0	0	0	3191
0	0	0	0	0	0	0	3192
0	0	0	0	0	0	0	3193
0	0	0	0	0	0	0	3194
0	0	0	0	0	0	0	3195
0	0	0	0	0	0	0	3196
0	0	0	0	0	0	0	3197
0	0	0	0	0	0	0	3198
0	0	0	0	0	0	0	3199
0	0	0	0	0	0	0	3200
0	0	0	0	0	0	0	3201
0	0	0	0	0	0	0	3202
0	0	0	0	0	0	0	3203
0	0	0	0	0	0	0	3204
0	0	0	0	0	0	0	3205
0	0	0	0	0	0	0	3206
0	0	0	0	0	0	0	3207
0	0	0	0	0	0	0	3208
0	0	0	0	0	0	0	3209
0	0	0	0	0	0	0	3210
0	0	0	0	0	0	0	3211
0	0	0	0	0	0	0	3212
0	0	0	0	0	0	0	3213
0	0	0	0	0	0	0	3214
0	0	0	0	0	0	0	3215
0	0	0	0	0	0	0	3216
0	0	0	0	0	0	0	3217
0	0	0	0	0	0	0	3218
0	0	0	0	0	0	0	3219
0	0	0	0	0	0	0	3220
0	0	0	0	0	0	0	3221
0	0	0	0	0	0	0	3222
0	0	0	0	0	0	0	3223
0	0	0	0	0	0	0	3224
0	0	0	0	0	0	0	3225
0	0	0	0	0	0	0	3226
0	0	0	0	0	0	0	3227
0	0	0	0	0	0	0	3228
0	0	0	0	0	0	0	3229
0	0	0	0	0	0	0	3230
0	0	0	0	0	0	0	3231
0	0	0	0	0	0	0	3232
0	0	0	0	0	0	0	3233
0	0	0	0	0	0	0	3234
0	0	0	0	0	0	0	3235
0	0	0	0	0	0	0	3236
0	0	0	0	0	0	0	3237
0	0	0	0	0	0	0	3238
0	0	0	0	0	0	0	3239
0	0	0	0	0	0	0	3240
0	0	0	0	0	0	0	3241
0	0	0	0	0	0	0	3242
0	0	0	0	0	0	0	3243
0	0	0	0	0	0	0	3244
0	0	0	0	0	0	0	3245
0	0	0	0	0	0	0	3246
0	0	0	0	0	0	0	3247
0	0	0	0	0	0	0	3248
0	0	0	0	0	0	0	3249
0	0	0	0	0	0	0	3250
0	0	0	0	0	0	0	3251
0	0	0	0	0	0	0	3252
0	0	0	0	0	0	0	3253
0	0	0	0	0	0	0	3254
0	0	0	0	0	0	0	3255
0	0	0	0	0	0	0	3256
0	0	0	0	0	0	0	3257
0	0	0	0	0	0	0	3258
0	0	0	0	0	0	0	3259
0	0	0	0	0	0	0	3260
0	0	0	0	0	0	0	3261
0	0	0	0	0	0	0	3262
0	0	0	0	0	0	0	3263
0	0	0	0	0	0	0	3264
0	0	0	0	0	0	0	3265
0	0	0	0	0	0	0	3266
0	0	0	0	0	0	0	3267
0	0	0	0	0	0	0	3268
0	0	0	0	0	0	0	3269
0	0	0	0	0	0	0	3270
0	0	0	0	0	0	0	3271
0	0	0	0	0	0	0	3272
0	0	0	0	0	0	0	3273
0	0	0	0	0	0	0	3274
0	0	0	0	0	0	0	3275
0	0	0	0	0	0	0	3276
0	0	0	0	0	0	0	3277
0	0	0	0	0	0	0	3278
0	0	0	0	0	0	0	3279
0	0	0	0	0	0	0	3280
0	0	0	0	0	0	0	3281
0	0	0	0	0	0	0	3282
0	0	0	0	0	0	0	3283
0	0	0	0	0	0	0	3284
0	0	0	0	0	0	0	3285
0	0	0	0	0	0	0	3286
0	0	0	0	0	0	0	3287
0	0	0	0	0	0	0	3288
0	0	0	0	0	0	0	3289
0	0	0	0	0	0	0	3290
0	0	0	0	0	0	0	3291
0	0	0	0	0	0	0	3292
0	0	0	0	0	0	0	3293
0	0	0	0	0	0	0	3294
0	0	0	0	0	0	0	3295
0	0	0	0	0	0	0	3296
0	0	0	0	0	0	0	3297
0	0	0	0	0	0	0	3298
0	0	0	0	0	0	0	3299
0	0	0	0	0	0	0	3300
0	0	0	0	0	0	0	3301
0	0	0	0	0	0	0	3302
0	0	0	0	0	0	0	3303
0	0	0	0	0	0	0	3304
0	0	0	0	0	0	0	3305
0	0	0	0	0	0	0	3306
0	0	0	0	0	0	0	3307
0	0	0	0	0	0	0	3308
0	0	0	0	0	0	0	3309
0	0	0	0	0	0	0	3310
0	0	0	0	0	0	0	3311
0	0	0	0	0	0	0	3312
0	0	0	0	0	0	0	3313
0	0	0	0	0	0	0	3314
0	0	0	0	0	0	0	3315
0	0	0	0	0	0	0	3316
0	0	0	0	0	0	0	3317
0	0	0	0	0	0	0	3318
0	0	0	0	0	0	0	3319
0	0	0	0	0	0	0	3320
0	0	0	0	0	0	0	3321
0	0	0	0	0	0	0	3322
0	0	0	0	0	0	0	3323
0	0	0	0	0	0	0	3324
0	0	0	0	0	0	0	3325
0	0	0	0	0	0	0	3326
0	0	0	0	0	0	0	3327
0	0	0	0	0	0	0	3328
0	0	0	0	0	0	0	3329
0	0	0	0	0	0	0	3330
0	0	0	0	0	0	0	3331
0	0	0	0	0	0	0	3332
0	0	0	0	0	0	0	3333
0	0	0	0	0	0	0	3334
0	0	0	0	0	0	0	3335
0	0	0	0	0	0	0	3336
0	0	0	0	0	0	0	3337
0	0	0	0	0	0	0	3338
0	0	0	0	0	0	0	3339
0	0	0	0	0	0	0	3340
0	0	0	0	0	0	0	3341
0	0	0	0	0	0	0	3342
0	0	0	0	0	0	0	3343
0	0	0	0	0	0	0	3344
0	0	0	0	0	0	0	3345
0	0	0	0	0	0	0	3346
0	0	0	0	0	0	0	3347
0	0	0	0	0	0	0	3348
0	0	0	0	0	0	0	3349
0	0	0	0	0	0	0	3350
0	0	0	0	0	0	0	3351
0	0	0	0	0	0	0	3352
0	0	0	0	0	0	0	3353
0	0	0	0	0	0	0	3354
0	0	0	0	0	0	0	3355
0	0	0	0	0	0	0	3356
0	0	0	0	0	0	0	3357
0	0	0	0	0	0	0	3358
0	0	0	0	0	0	0	3359
0	0	0	0	0	0	0	3360
0	0	0	0	0	0	0	3361
0	0	0	0	0	0	0	3362
0	0	0	0	0	0	0	3363
0	0	0	0	0	0	0	3364
0	0	0	0	0	0	0	3365
0	0	0	0	0	0	0	3366
0	0	0	0	0	0	0	3367
0	0	0	0	0	0	0	3368
0	0	0	0	0	0	0	3369
0	0	0	0	0	0	0	3370
0	0	0	0	0	0	0	3371
0	0	0	0	0	0	0	3372
0	0	0	0	0	0	0	3373
0	0	0	0	0	0	0	3374
0	0	0	0	0	0	0	3375
0	0	0	0	0	0	0	3376
0	0	0	0	0	0	0	3377
0	0	0	0	0	0	0	3378
0	0	0	0	0	0	0	3379
0	0	0	0	0	0	0	3380
0	0	0	0	0	0	0	3381
0	0	0	0	0	0	0	3382
0	0	0	0	0	0	0	3383
0	0	0	0	0	0	0	3384
0	0	0	0	0	0	0	3385
0	0	0	0	0	0	0	3386
0	0	0	0	0	0	0	3387
0	0	0	0	0	0	0	3388
0	0	0	0	0	0	0	3389
0	0	0	0	0	0	0	3390
0	0	0	0	0	0	0	3391
0	0	0	0	0	0	0	3392
0	0	0	0	0	0	0	3393
0	0	0	0	0	0	0	3394
0	0	0	0	0	0	0	3395
0	0	0	0	0	0	0	3396
0	0	0	0	0	0	0	3397
0	0	0	0	0	0	0	3398
0	0	0	0	0	0	0	3399
0	0	0	0	0	0	0	3400
0	0	0	0	0	0	0	3401
0	0	0	0	0	0	0	3402
0	0	0	0	0	0	0	3403
0	0	0	0	0	0	0	3404
0	0	0	0	0	0	0	3405
0	0	0	0	0	0	0	3406
0	0	0	0	0	0	0	3407
0	0	0	0	0	0	0	3408
0	0	0	0	0	0	0	3409
0	0	0	0	0	0	0	3410
0	0	0	0	0	0	0	3411
0	0	0	0	0	0	0	3412
0	0	0	0	0	0	0	3413
0	0	0	0	0	0	0	3414
0	0	0	0	0	0	0	3415
0	0	0	0	0	0	0	3416
0	0	0	0	0	0	0	3417
0	0	0	0	0	0	0	3418
0	0	0	0	0	0	0	3419
0	0	0	0	0	0	0	3420
0	0	0	0	0	0	0	3421
0	0	0	0	0	0	0	3422
0	0	0	0	0	0	0	3423
0	0	0	0	0	0	0	3424
0	0	0	0	0	0	0	3425
0	0	0	0	0	0	0	3426
0	0	0	0	0	0	0	3427
0	0	0	0	0	0	0	3428
0	0	0	0	0	0	0	3429
0	0	0	0	0	0	0	3430
0	0	0	0	0	0	0	3431
0	0	0	0	0	0	0	3432
0	0	0	0	0	0	0	3433
0	0	0	0	0	0	0	3434
0	0	0	0	0	0	0	3435
0	0	0	0	0	0	0	3436
0	0	0	0	0	0	0	3437
0	0	0	0	0	0	0	3438
0	0	0	0	0	0	0	3439
0	0	0	0	0	0	0	3440
0	0	0	0	0	0	0	3441
0	0	0	0	0	0	0	3442
0	0	0	0	0	0	0	3443
0	0	0	0	0	0	0	3444
0	0	0	0	0	0	0	3445
0	0	0	0	0	0	0	3446
0	0	0	0	0	0	0	3447
0	0	0	0	0	0	0	3448
0	0	0	0	0	0	0	3449
0	0	0	0	0	0	0	3450
0	0	0	0	0	0	0	3451
0	0	0	0	0	0	0	3452
0	0	0	0	0	0	0	3453
0	0	0	0	0	0	0	3454
0	0	0	0	0	0	0	3455
0	0	0	0	0	0	0	3456
0	0	0	0	0	0	0	3457
0	0	0	0	0	0	0	3458
0	0	0	0	0	0	0	3459
0	0	0	0	0	0	0	3460
0	0	0	0	0	0	0	3461
0	0	0	0	0	0	0	3462
0	0	0	0	0	0	0	3463
0	0	0	0	0	0	0	3464
0	0	0	0	0	0	0	3465
0	0	0	0	0	0	0	3466
0	0	0	0	0	0	0	3467
0	0	0	0	0	0	0	3468
0	0	0	0	0	0	0	3469
0	0	0	0	0	0	0	3470
0	0	0	0	0	0	0	3471
0	0	0	0	0	0	0	3472
0	0	0	0	0	0	0	3473
0	0	0	0	0	0	0	3474
0	0	0	0	0	0	0	3475
0	0	0	0	0	0	0	3476
0	0	0	0	0	0	0	3477
0	0	0	0	0	0	0	3478
0	0	0	0	0	0	0	3479
0	0	0	0	0	0	0	3480
0	0	0	0	0	0	0	3481
0	0	0	0	0	0	0	3482
0	0	0	0	0	0	0	3483
0	0	0	0	0	0	0	3484
0	0	0	0	0	0	0	3485
0	0	0	0	0	0	0	3486
0	0	0	0	0	0	0	3487
0	0	0	0	0	0	0	3488
0	0	0	0	0	0	0	3489
0	0	0	0	0	0	0	3490
0	0	0	0	0	0	0	3491
0	0	0	0	0	0	0	3492
0	0	0	0	0	0	0	3493
0	0	0	0	0	0	0	3494
0	0	0	0	0	0	0	3495
0	0	0	0	0	0	0	3496
0	0	0	0	0	0	0	3497
0	0	0	0	0	0	0	3498
0	0	0	0	0	0	0	3499
0	0	0	0	0	0	0	3500
0	0	0	0	0	0	0	3501
0	0	0	0	0	0	0	3502
0	0	0	0	0	0	0	3503
0	0	0	0	0	0	0	3504
0	0	0	0	0	0	0	3505
0	0	0	0	0	0	0	3506
0	0	0	0	0	0	0	3507
0	0	0	0	0	0	0	3508
0	0	0	0	0	0	0	3509
0	0	0	0	0	0	0	3510
0	0	0	0	0	0	0	3511
0	0	0	0	0	0	0	3512
0	0	0	0	0	0	0	3513
0	0	0	0	0	0	0	3514
0	0	0	0	0	0	0	3515
0	0	0	0	0	0	0	3516
0	0	0	0	0	0	0	3517
0	0	0	0	0	0	0	3518
0	0	0	0	0	0	0	3519
0	0	0	0	0	0	0	3520
0	0	0	0	0	0	0	3521
0	0	0	0	0	0	0	3522
0	0	0	0	0	0	0	3523
0	0	0	0	0	0	0	3524
0	0	0	0	0	0	0	3525
0	0	0	0	0	0	0	3526
0	0	0	0	0	0	0	3527
0	0	0	0	0	0	0	3528
0	0	0	0	0	0	0	3529
0	0	0	0	0	0	0	3530
0	0	0	0	0	0	0	3531
0	0	0	0	0	0	0	3532
0	0	0	0	0	0	0	3533
0	0	0	0	0	0	0	3534
0	0	0	0	0	0	0	3535
0	0	0	0	0	0	0	3536
0	0	0	0	0	0	0	3537
0	0	0	0	0	0	0	3538
0	0	0	0	0	0	0	3539
0	0	0	0	0	0	0	3540
0	0	0	0	0	0	0	3541
0	0	0	0	0	0	0	3542
0	0	0	0	0	0	0	3543
0	0	0	0	0	0	0	3544
0	0	0	0	0	0	0	3545
0	0	0	0	0	0	0	3546
0	0	0	0	0	0	0	3547
0	0	0	0	0	0	0	3548
0	0	0	0	0	0	0	3549
0	0	0	0	0	0	0	3550
0	0	0	0	0	0	0	3551
0	0	0	0	0	0	0	3552
0	0	0	0	0	0	0	3553
0	0	0	0	0	0	0	3554
0	0	0	0	0	0	0	3555
0	0	0	0	0	0	0	3556
0	0	0	0	0	0	0	3557
0	0	0	0	0	0	0	3558
0	0	0	0	0	0	0	3559
0	0	0	0	0	0	0	3560
0	0	0	0	0	0	0	3561
0	0	0	0	0	0	0	3562
0	0	0	0	0	0	0	3563
0	0	0	0	0	0	0	3564
0	0	0	0	0	0	0	3565
0	0	0	0	0	0	0	3566
0	0	0	0	0	0	0	3567
0	0	0	0	0	0	0	3568
0	0	0	0	0	0	0	3569
0	0	0	0	0	0	0	3570
0	0	0	0	0	0	0	3571
0	0	0	0	0	0	0	3572
0	0	0	0	0	0	0	3573
0	0	0	0	0	0	0	3574
0	0	0	0	0	0	0	3575
0	0	0	0	0	0	0	3576
0	0	0	0	0	0	0	3577
0	0	0	0	0	0	0	3578
0	0	0	0	0	0	0	3579
0	0	0	0	0	0	0	3580
0	0	0	0	0	0	0	3581
0	0	0	0	0	0	0	3582
0	0	0	0	0	0	0	3583
0	0	0	0	0	0	0	3584
0	0	0	0	0	0	0	3585
0	0	0	0	0	0	0	3586
0	0	0	0	0	0	0	3587
0	0	0	0	0	0	0	3588
0	0	0	0	0	0	0	3589
0	0	0	0	0	0	0	3590
0	0	0	0	0	0	0	3591
0	0	0	0	0	0	0	3592
0	0	0	0	0	0	0	3593
0	0	0	0	0	0	0	3594
0	0	0	0	0	0	0	3595
0	0	0	0	0	0	0	3596
0	0	0	0	0	0	0	3597
0	0	0	0	0	0	0	3598
0	0	0	0	0	0	0	3599
0	0	0	0	0	0	0	3600
0	0	0	0	0	0	0	3601
0	0	0	0	0	0	0	3602
0	0	0	0	0	0	0	3603
0	0	0	0	0	0	0	3604
0	0	0	0	0	0	0	3605
0	0	0	0	0	0	0	3606
0	0	0	0	0	0	0	3607
0	0	0	0	0	0	0	3608
0	0	0	0	0	0	0	3609
0	0	0	0	0	0	0	3610
0	0	0	0	0	0	0	3611
0	0	0	0	0	0	0	3612
0	0	0	0	0	0	0	3613
0	0	0	0	0	0	0	3614
0	0	0	0	0	0	0	3615
0	0	0	0	0	0	0	3616
0	0	0	0	0	0	0	3617
0	0	0	0	0	0	0	3618
0	0	0	0	0	0	0	3619
0	0	0	0	0	0	0	3620
0	0	0	0	0	0	0	3621
0	0	0	0	0	0	0	3622
0	0	0	0	0	0	0	3623
0	0	0	0	0	0	0	3624
0	0	0	0	0	0	0	3625
0	0	0	0	0	0	0	3626
0	0	0	0	0	0	0	3627
0	0	0	0	0	0	0	3628
0	0	0	0	0	0	0	3629
0	0	0	0	0	0	0	3630
0	0	0	0	0	0	0	3631
0	0	0	0	0	0	0	3632
0	0	0	0	0	0	0	3633
0	0	0	0	0	0	0	3634
0	0	0	0	0	0	0	3635
0	0	0	0	0	0	0	3636
0	0	0	0	0	0	0	3637
0	0	0	0	0	0	0	3638
0	0	0	0	0	0	0	3639
0	0	0	0	0	0	0	3640
0	0	0	0	0	0	0	3641
0	0	0	0	0	0	0	3642
0	0	0	0	0	0	0	3643
0	0	0	0	0	0	0	3644
0	0	0	0	0	0	0	3645
0	0	0	0	0	0	0	3646
0	0	0	0	0	0	0	3647
0	0	0	0	0	0	0	3648
0	0	0	0	0	0	0	3649
0	0	0	0	0	0	0	3650
0	0	0	0	0	0	0	3651
0	0	0	0	0	0	0	3652
0	0	0	0	0	0	0	3653
0	0	0	0	0	0	0	3654
0	0	0	0	0	0	0	3655
0	0	0	0	0	0	0	3656
0	0	0	0	0	0	0	3657
0	0	0	0	0	0	0	3658
0	0	0	0	0	0	0	3659
0	0	0	0	0	0	0	3660
0	0	0	0	0	0	0	3661
0	0	0	0	0	0	0	3662
0	0	0	0	0	0	0	3663
0	0	0	0	0	0	0	3664
0	0	0	0	0	0	0	3665
0	0	0	0	0	0	0	3666
0	0	0	0	0	0	0	3667
0	0	0	0	0	0	0	3668
0	0	0	0	0	0	0	3669
0	0	0	0	0	0	0	3670
0	0	0	0	0	0	0	3671
0	0	0	0	0	0	0	3672
0	0	0	0	0	0	0	3673
0	0	0	0	0	0	0	3674
0	0	0	0	0	0	0	3675
0	0	0	0	0	0	0	3676
0	0	0	0	0	0	0	3677
0	0	0	0	0	0	0	3678
0	0	0	0	0	0	0	3679
0	0	0	0	0	0	0	3680
0	0	0	0	0	0	0	3681
0	0	0	0	0	0	0	3682
0	0	0	0	0	0	0	3683
0	0	0	0	0	0	0	3684
0	0	0	0	0	0	0	3685
0	0	0	0	0	0	0	3686
0	0	0	0	0	0	0	3687
0	0	0	0	0	0	0	3688
0	0	0	0	0	0	0	3689
0	0	0	0	0	0	0	3690
0	0	0	0	0	0	0	3691
0	0	0	0	0	0	0	3692
0	0	0	0	0	0	0	3693
0	0	0	0	0	0	0	3694
0	0	0	0	0	0	0	3695
0	0	0	0	0	0	0	3696
0	0	0	0	0	0	0	3697
0	0	0	0	0	0	0	3698
0	0	0	0	0	0	0	3699
0	0	0	0	0	0	0	3700
0	0	0	0	0	0	0	3701
0	0	0	0	0	0	0	3702
0	0	0	0	0	0	0	3703
0	0	0	0	0	0	0	3704
0	0	0	0	0	0	0	3705
0	0	0	0	0	0	0	3706
0	0	0	0	0	0	0	3707
0	0	0	0	0	0	0	3708
0	0	0	0	0	0	0	3709
0	0	0	0	0	0	0	3710
0	0	0	0	0	0	0	3711
0	0	0	0	0	0	0	3712
0	0	0	0	0	0	0	3713
0	0	0	0	0	0	0	3714
0	0	0	0	0	0	0	3715
0	0	0	0	0	0	0	3716
0	0	0	0	0	0	0	3717
0	0	0	0	0	0	0	3718
0	0	0	0	0	0	0	3719
0	0	0	0	0	0	0	3720
0	0	0	0	0	0	0	3721
0	0	0	0	0	0	0	3722
0	0	0	0	0	0	0	3723
0	0	0	0	0	0	0	3724
0	0	0	0	0	0	0	3725
0	0	0	0	0	0	0	3726
0	0	0	0	0	0	0	3727
0	0	0	0	0	0	0	3728
0	0	0	0	0	0	0	3729
0	0	0	0	0	0	0	3730
0	0	0	0	0	0	0	3731
0	0	0	0	0	0	0	3732
0	0	0	0	0	0	0	3733
0	0	0	0	0	0	0	3734
0	0	0	0	0	0	0	3735
0	0	0	0	0	0	0	3736
0	0	0	0	0	0	0	3737
0	0	0	0	0	0	0	3738
0	0	0	0	0	0	0	3739
0	0	0	0	0	0	0	3740
0	0	0	0	0	0	0	3741
0	0	0	0	0	0	0	3742
0	0	0	0	0	0	0	3743
0	0	0	0	0	0	0	3744
0	0	0	0	0	0	0	3745
0	0	0	0	0	0	0	3746
0	0	0	0	0	0	0	3747
0	0	0	0	0	0	0	3748
0	0	0	0	0	0	0	3749
0	0	0	0	0	0	0	3750
0	0	0	0	0	0	0	3751
0	0	0	0	0	0	0	3752
0	0	0	0	0	0	0	3753
0	0	0	0	0	0	0	3754
0	0	0	0	0	0	0	3755
0	0	0	0	0	0	0	3756
0	0	0	0	0	0	0	3757
0	0	0	0	0	0	0	3758
0	0	0	0	0	0	0	3759
0	0	0	0	0	0	0	3760
0	0	0	0	0	0	0	3761
0	0	0	0	0	0	0	3762
0	0	0	0	0	0	0	3763
0	0	0	0	0	0	0	3764
0	0	0	0	0	0	0	3765
0	0	0	0	0	0	0	3766
0	0	0	0	0	0	0	3767
0	0	0	0	0	0	0	3768
0	0	0	0	0	0	0	3769
0	0	0	0	0	0	0	3770
0	0	0	0	0	0	0	3771
0	0	0	0	0	0	0	3772
0	0	0	0	0	0	0	3773
0	0	0	0	0	0	0	3774
0	0	0	0	0	0	0	3775
0	0	0	0	0	0	0	3776
0	0	0	0	0	0	0	3777
0	0	0	0	0	0	0	3778
0	0	0	0	0	0	0	3779
0	0	0	0	0	0	0	3780
0	0	0	0	0	0	0	3781
0	0	0	0	0	0	0	3782
0	0	0	0	0	0	0	3783
0	0	0	0	0	0	0	3784
0	0	0	0	0	0	0	3785
0	0	0	0	0	0	0	3786
0	0	0	0	0	0	0	3787
0	0	0	0	0	0	0	3788
0	0	0	0	0	0	0	3789
0	0	0	0	0	0	0	3790
0	0	0	0	0	0	0	3791
0	0	0	0	0	0	0	3792
0	0	0	0	0	0	0	3793
0	0	0	0	0	0	0	3794
0	0	0	0	0	0	0	3795
0	0	0	0	0	0	0	3796
0	0	0	0	0	0	0	3797
0	0	0	0	0	0	0	3798
0	0	0	0	0	0	0	3799
0	0	0	0	0	0	0	3800
0	0	0	0	0	0	0	3801
0	0	0	0	0	0	0	3802
0	0	0	0	0	0	0	3803
0	0	0	0	0	0	0	3804
0	0	0	0	0	0	0	3805
0	0	0	0	0	0	0	3806
0	0	0	0	0	0	0	3807
0	0	0	0	0	0	0	3808
0	0	0	0	0	0	0	3809
0	0	0	0	0	0	0	3810
0	0	0	0	0	0	0	3811
0	0	0	0	0	0	0	3812
0	0	0	0	0	0	0	3813
0	0	0	0	0	0	0	3814
0	0	0	0	0	0	0	3815
0	0	0	0	0	0	0	3816
0	0	0	0	0	0	0	3817
0	0	0	0	0	0	0	3818
0	0	0	0	0	0	0	3819
0	0	0	0	0	0	0	3820
0	0	0	0	0	0	0	3821
0	0	0	0	0	0	0	3822
0	0	0	0	0	0	0	3823
0	0	0	0	0	0	0	3824
0	0	0	0	0	0	0	3825
0	0	0	0	0	0	0	3826
0	0	0	0	0	0	0	3827
0	0	0	0	0	0	0	3828
0	0	0	0	0	0	0	3829
0	0	0	0	0	0	0	3830
0	0	0	0	0	0	0	3831
0	0	0	0	0	0	0	3832
0	0	0	0	0	0	0	3833
0	0	0	0	0	0	0	3834
0	0	0	0	0	0	0	3835
0	0	0	0	0	0	0	3836
0	0	0	0	0	0	0	3837
0	0	0	0	0	0	0	3838
0	0	0	0	0	0	0	3839
0	0	0	0	0	0	0	3840
0	0	0	0	0	0	0	3841
1	34	129	155	160	209	1674	3842
1	34	128	155	160	210	1760	3843
1	34	128	155	160	210	1760	3844
1	34	128	156	160	210	1728	3845
1	34	128	158	161	210	1716	3846
1	34	128	158	161	209	1683	3847
1	34	128	158	161	209	1683	3848
1	34	128	158	161	209	1683	3849
1	34	128	158	161	209	1683	3850
0	0	0	0	0	0	0	3851
0	0	0	0	0	0	0	3852
0	0	0	0	0	0	0	3853
0	0	0	0	0	0	0	3854
1	35	136	161	178	207	1932	3855
1	35	137	159	178	208	2009	3856
1	35	137	158	179	207	2058	3857
1	35	137	156	180	207	2193	3858
1	35	136	155	180	207	2288	3859
1	35	136	154	177	207	2173	3860
1	35	136	153	179	208	2365	3861
1	35	136	153	179	207	2322	3862
1	35	135	152	178	207	2365	3863
1	35	135	152	178	207	2365	3864
1	35	135	153	179	208	2420	3865
1	35	135	153	179	208	2420	3866
1	35	135	154	179	208	2376	3867
1	35	134	154	179	209	2475	3868
1	35	135	155	179	209	2376	3869
1	35	134	156	179	209	2385	3870
1	35	134	158	179	209	2295	3871
1	35	133	158	179	210	2392	3872
1	35	133	159	179	211	2392	3873
1	35	133	160	179	211	2346	3874
1	35	132	161	179	211	2350	3875
1	35	132	162	179	212	2350	3876
1	35	131	162	179	212	2400	3877
1	35	129	162	178	214	2548	3878
1	35	127	162	176	214	2548	3879
1	35	125	163	176	214	2601	3880
1	35	123	163	176	215	2756	3881
1	35	121	164	176	215	2805	3882
1	35	120	163	171	215	2652	3883
1	35	119	163	175	214	2856	3884
1	35	119	162	176	213	2907	3885
1	35	126	165	175	212	2303	3886
1	35	118	159	175	210	2907	3887
1	35	118	157	177	208	3009	3888
1	35	117	155	164	199	2068	3889
1	35	117	155	164	199	2068	3890
1	35	117	155	164	199	2068	3891
1	35	121	157	166	194	1665	3892
1	35	122	156	180	196	2320	3893
1	35	122	155	180	197	2436	3894
1	35	122	154	179	195	2337	3895
1	35	121	152	178	195	2451	3896
1	35	121	150	178	194	2508	3897
1	35	121	148	176	193	2475	3898
1	35	121	147	176	192	2475	3899
1	35	121	145	176	189	2420	3900
1	35	121	143	176	186	2365	3901
1	35	121	140	176	184	2420	3902
1	35	121	138	175	183	2430	3903
1	35	121	136	174	181	2385	3904
1	35	120	134	176	182	2688	3905
1	35	121	132	170	175	2107	3906
1	35	121	130	169	174	2112	3907
1	35	119	129	167	172	2064	3908
1	35	119	128	168	172	2156	3909
1	35	119	127	165	171	2024	3910
1	35	117	126	166	172	2254	3911
1	35	115	125	163	171	2208	3912
1	35	114	125	160	168	1978	3913
1	35	113	124	158	166	1890	3914
1	35	113	124	156	166	1806	3915
1	35	112	123	155	165	1806	3916
1	35	112	122	155	164	1806	3917
1	35	112	121	155	162	1763	3918
1	35	112	121	154	161	1680	3919
1	35	112	119	154	159	1680	3920
1	35	112	119	154	159	1680	3921
1	35	112	119	154	159	1680	3922
1	35	112	119	154	159	1680	3923
1	35	112	119	154	159	1680	3924
1	35	112	119	154	159	1680	3925
1	35	112	119	154	159	1680	3926
0	0	0	0	0	0	0	3927
0	0	0	0	0	0	0	3928
0	0	0	0	0	0	0	3929
0	0	0	0	0	0	0	3930
0	0	0	0	0	0	0	3931
0	0	0	0	0	0	0	3932
0	0	0	0	0	0	0	3933
0	0	0	0	0	0	0	3934
0	0	0	0	0	0	0	3935
0	0	0	0	0	0	0	3936
0	0	0	0	0	0	0	3937
0	0	0	0	0	0	0	3938
0	0	0	0	0	0	0	3939
0	0	0	0	0	0	0	3940
0	0	0	0	0	0	0	3941
0	0	0	0	0	0	0	3942
0	0	0	0	0	0	0	3943
0	0	0	0	0	0	0	3944
0	0	0	0	0	0	0	3945
0	0	0	0	0	0	0	3946
0	0	0	0	0	0	0	3947
0	0	0	0	0	0	0	3948
0	0	0	0	0	0	0	3949
0	0	0	0	0	0	0	3950
0	0	0	0	0	0	0	3951
0	0	0	0	0	0	0	3952
0	0	0	0	0	0	0	3953
0	0	0	0	0	0	0	3954
0	0	0	0	0	0	0	3955
0	0	0	0	0	0	0	3956
0	0	0	0	0	0	0	3957
0	0	0	0	0	0	0	3958
0	0	0	0	0	0	0	3959
0	0	0	0	0	0	0	3960
0	0	0	0	0	0	0	3961
0	0	0	0	0	0	0	3962
0	0	0	0	0	0	0	3963
0	0	0	0	0	0	0	3964
0	0	0	0	0	0	0	3965
0	0	0	0	0	0	0	3966
0	0	0	0	0	0	0	3967
0	0	0	0	0	0	0	3968
0	0	0	0	0	0	0	3969
0	0	0	0	0	0	0	3970
0	0	0	0	0	0	0	3971
0	0	0	0	0	0	0	3972
0	0	0	0	0	0	0	3973
0	0	0	0	0	0	0	3974
0	0	0	0	0	0	0	3975
0	0	0	0	0	0	0	3976
0	0	0	0	0	0	0	3977
0	0	0	0	0	0	0	3978
0	0	0	0	0	0	0	3979
0	0	0	0	0	0	0	3980
0	0	0	0	0	0	0	3981
0	0	0	0	0	0	0	3982
0	0	0	0	0	0	0	3983
0	0	0	0	0	0	0	3984
0	0	0	0	0	0	0	3985
0	0	0	0	0	0	0	3986
0	0	0	0	0	0	0	3987
0	0	0	0	0	0	0	3988
0	0	0	0	0	0	0	3989
0	0	0	0	0	0	0	3990
0	0	0	0	0	0	0	3991
0	0	0	0	0	0	0	3992
0	0	0	0	0	0	0	3993
0	0	0	0	0	0	0	3994
0	0	0	0	0	0	0	3995
0	0	0	0	0	0	0	3996
0	0	0	0	0	0	0	3997
0	0	0	0	0	0	0	3998
0	0	0	0	0	0	0	3999
0	0	0	0	0	0	0	4000
0	0	0	0	0	0	0	4001
0	0	0	0	0	0	0	4002
0	0	0	0	0	0	0	4003
0	0	0	0	0	0	0	4004
0	0	0	0	0	0	0	4005
0	0	0	0	0	0	0	4006
0	0	0	0	0	0	0	4007
0	0	0	0	0	0	0	4008
0	0	0	0	0	0	0	4009
0	0	0	0	0	0	0	4010
0	0	0	0	0	0	0	4011
0	0	0	0	0	0	0	4012
1	36	258	164	312	210	2484	4013
1	36	256	162	306	208	2300	4014
1	36	255	160	301	206	2116	4015
1	36	252	158	297	204	2070	4016
1	36	249	155	294	203	2160	4017
1	36	249	153	292	201	2064	4018
1	36	249	153	288	222	2691	4019
1	36	247	150	288	219	2829	4020
1	36	247	152	285	218	2508	4021
1	36	243	152	283	216	2560	4022
1	36	239	147	281	214	2814	4023
1	36	234	146	278	209	2772	4024
1	36	230	146	273	207	2623	4025
1	36	222	142	270	206	3072	4026
1	36	216	142	265	205	3087	4027
1	36	210	141	259	203	3038	4028
1	36	205	141	256	204	3213	4029
1	36	200	142	251	202	3060	4030
1	36	195	143	247	200	2964	4031
1	36	191	144	244	204	3180	4032
1	36	186	145	240	202	3078	4033
1	36	182	145	237	200	3025	4034
1	36	179	144	234	198	2970	4035
1	36	175	143	230	196	2915	4036
1	36	171	142	226	194	2860	4037
1	36	167	139	223	192	2968	4038
1	36	165	138	220	192	2970	4039
1	36	164	137	216	187	2600	4040
1	36	159	135	214	187	2860	4041
1	36	159	136	212	185	2597	4042
1	36	151	134	210	183	2891	4043
1	36	148	134	207	181	2773	4044
1	36	145	135	203	181	2668	4045
1	36	141	136	199	182	2668	4046
1	36	137	136	195	182	2668	4047
1	36	142	139	191	183	2156	4048
1	36	140	137	188	183	2208	4049
1	36	137	137	185	181	2112	4050
1	36	133	136	184	181	2295	4051
1	36	132	136	181	180	2156	4052
1	36	130	136	177	179	2021	4053
1	36	130	134	175	178	1980	4054
1	36	127	133	173	177	2024	4055
1	36	126	132	171	176	1980	4056
1	36	123	130	169	174	2024	4057
1	36	123	130	167	173	1892	4058
1	36	120	130	165	173	1935	4059
1	36	119	130	163	173	1892	4060
1	36	118	131	162	172	1804	4061
1	36	116	131	160	172	1804	4062
1	36	114	131	157	172	1763	4063
1	36	112	131	155	172	1763	4064
1	36	111	131	153	172	1722	4065
1	36	109	131	152	171	1720	4066
1	36	108	131	151	171	1720	4067
1	36	107	131	149	170	1638	4068
1	36	107	130	149	170	1680	4069
1	36	106	130	148	169	1638	4070
1	36	105	129	146	167	1558	4071
1	36	105	128	145	166	1520	4072
1	36	104	127	144	165	1520	4073
1	36	104	127	144	165	1520	4074
1	36	104	127	144	165	1520	4075
1	36	104	127	144	165	1520	4076
1	36	104	127	144	165	1520	4077
1	36	104	127	144	165	1520	4078
1	36	104	127	144	165	1520	4079
0	0	0	0	0	0	0	4080
0	0	0	0	0	0	0	4081
0	0	0	0	0	0	0	4082
0	0	0	0	0	0	0	4083
0	0	0	0	0	0	0	4084
0	0	0	0	0	0	0	4085
0	0	0	0	0	0	0	4086
0	0	0	0	0	0	0	4087
0	0	0	0	0	0	0	4088
0	0	0	0	0	0	0	4089
0	0	0	0	0	0	0	4090
0	0	0	0	0	0	0	4091
0	0	0	0	0	0	0	4092
0	0	0	0	0	0	0	4093
0	0	0	0	0	0	0	4094
0	0	0	0	0	0	0	4095
0	0	0	0	0	0	0	4096
0	0	0	0	0	0	0	4097
0	0	0	0	0	0	0	4098
0	0	0	0	0	0	0	4099
0	0	0	0	0	0	0	4100
0	0	0	0	0	0	0	4101
0	0	0	0	0	0	0	4102
0	0	0	0	0	0	0	4103
0	0	0	0	0	0	0	4104
0	0	0	0	0	0	0	4105
0	0	0	0	0	0	0	4106
0	0	0	0	0	0	0	4107
0	0	0	0	0	0	0	4108
0	0	0	0	0	0	0	4109
0	0	0	0	0	0	0	4110
0	0	0	0	0	0	0	4111
0	0	0	0	0	0	0	4112
0	0	0	0	0	0	0	4113
0	0	0	0	0	0	0	4114
0	0	0	0	0	0	0	4115
0	0	0	0	0	0	0	4116
0	0	0	0	0	0	0	4117
